Iteração	Melhor Avaliação	Melhor Caminho
1		3583.52350096061		[64, 9, 67, 54, 2, 38, 55, 19, 26, 4, 17, 43, 34, 68, 35, 62, 49, 30, 28, 24, 39, 11, 25, 58, 45, 56, 60, 69, 13, 44, 1, 40, 51, 47, 63, 65, 52, 50, 27, 32, 7, 16, 18, 22, 41, 46, 37, 20, 31, 8, 33, 12, 59, 66, 15, 42, 0, 10, 29, 57, 48, 21, 36, 5, 23, 14, 61, 3, 6, 53]
2		3583.1877550895474		[38, 9, 67, 54, 2, 64, 55, 19, 26, 4, 17, 43, 34, 68, 35, 62, 49, 30, 28, 24, 39, 11, 25, 58, 45, 56, 60, 69, 13, 44, 1, 40, 51, 47, 63, 65, 52, 50, 27, 32, 7, 16, 18, 22, 41, 46, 37, 20, 31, 8, 33, 12, 59, 66, 15, 42, 0, 10, 29, 57, 48, 21, 36, 5, 23, 14, 61, 3, 6, 53]
3		3574.814208599756		[9, 38, 67, 54, 2, 64, 55, 19, 26, 4, 17, 43, 34, 68, 35, 62, 49, 30, 28, 24, 39, 11, 25, 58, 45, 56, 60, 69, 13, 44, 1, 40, 51, 47, 63, 65, 52, 50, 27, 32, 7, 16, 18, 22, 41, 46, 37, 20, 31, 8, 33, 12, 59, 66, 15, 42, 0, 10, 29, 57, 48, 21, 36, 5, 23, 14, 61, 3, 6, 53]
4		3571.474487546943		[64, 38, 67, 54, 2, 9, 55, 19, 26, 4, 17, 43, 34, 68, 35, 62, 49, 30, 28, 24, 39, 11, 25, 58, 45, 56, 60, 69, 13, 44, 1, 40, 51, 47, 63, 65, 52, 50, 27, 32, 7, 16, 18, 22, 41, 46, 37, 20, 31, 8, 33, 12, 59, 66, 15, 42, 0, 10, 29, 57, 48, 21, 36, 5, 23, 14, 61, 3, 6, 53]
5		3527.697374089766		[19, 38, 67, 54, 2, 9, 55, 64, 26, 4, 17, 43, 34, 68, 35, 62, 49, 30, 28, 24, 39, 11, 25, 58, 45, 56, 60, 69, 13, 44, 1, 40, 51, 47, 63, 65, 52, 50, 27, 32, 7, 16, 18, 22, 41, 46, 37, 20, 31, 8, 33, 12, 59, 66, 15, 42, 0, 10, 29, 57, 48, 21, 36, 5, 23, 14, 61, 3, 6, 53]
6		3510.500882591749		[38, 19, 67, 54, 2, 9, 55, 64, 26, 4, 17, 43, 34, 68, 35, 62, 49, 30, 28, 24, 39, 11, 25, 58, 45, 56, 60, 69, 13, 44, 1, 40, 51, 47, 63, 65, 52, 50, 27, 32, 7, 16, 18, 22, 41, 46, 37, 20, 31, 8, 33, 12, 59, 66, 15, 42, 0, 10, 29, 57, 48, 21, 36, 5, 23, 14, 61, 3, 6, 53]
7		3506.666635900731		[54, 19, 67, 38, 2, 9, 55, 64, 26, 4, 17, 43, 34, 68, 35, 62, 49, 30, 28, 24, 39, 11, 25, 58, 45, 56, 60, 69, 13, 44, 1, 40, 51, 47, 63, 65, 52, 50, 27, 32, 7, 16, 18, 22, 41, 46, 37, 20, 31, 8, 33, 12, 59, 66, 15, 42, 0, 10, 29, 57, 48, 21, 36, 5, 23, 14, 61, 3, 6, 53]
8		3505.890394028909		[43, 19, 67, 38, 2, 9, 55, 64, 26, 4, 17, 54, 34, 68, 35, 62, 49, 30, 28, 24, 39, 11, 25, 58, 45, 56, 60, 69, 13, 44, 1, 40, 51, 47, 63, 65, 52, 50, 27, 32, 7, 16, 18, 22, 41, 46, 37, 20, 31, 8, 33, 12, 59, 66, 15, 42, 0, 10, 29, 57, 48, 21, 36, 5, 23, 14, 61, 3, 6, 53]
9		3487.209991152544		[19, 43, 67, 38, 2, 9, 55, 64, 26, 4, 17, 54, 34, 68, 35, 62, 49, 30, 28, 24, 39, 11, 25, 58, 45, 56, 60, 69, 13, 44, 1, 40, 51, 47, 63, 65, 52, 50, 27, 32, 7, 16, 18, 22, 41, 46, 37, 20, 31, 8, 33, 12, 59, 66, 15, 42, 0, 10, 29, 57, 48, 21, 36, 5, 23, 14, 61, 3, 6, 53]
10		3456.25756479946		[38, 43, 67, 19, 2, 9, 55, 64, 26, 4, 17, 54, 34, 68, 35, 62, 49, 30, 28, 24, 39, 11, 25, 58, 45, 56, 60, 69, 13, 44, 1, 40, 51, 47, 63, 65, 52, 50, 27, 32, 7, 16, 18, 22, 41, 46, 37, 20, 31, 8, 33, 12, 59, 66, 15, 42, 0, 10, 29, 57, 48, 21, 36, 5, 23, 14, 61, 3, 6, 53]
11		3427.260133541759		[26, 43, 67, 19, 2, 9, 55, 64, 38, 4, 17, 54, 34, 68, 35, 62, 49, 30, 28, 24, 39, 11, 25, 58, 45, 56, 60, 69, 13, 44, 1, 40, 51, 47, 63, 65, 52, 50, 27, 32, 7, 16, 18, 22, 41, 46, 37, 20, 31, 8, 33, 12, 59, 66, 15, 42, 0, 10, 29, 57, 48, 21, 36, 5, 23, 14, 61, 3, 6, 53]
12		3413.938486612289		[11, 43, 67, 19, 2, 9, 55, 64, 38, 4, 17, 54, 34, 68, 35, 62, 49, 30, 28, 24, 39, 26, 25, 58, 45, 56, 60, 69, 13, 44, 1, 40, 51, 47, 63, 65, 52, 50, 27, 32, 7, 16, 18, 22, 41, 46, 37, 20, 31, 8, 33, 12, 59, 66, 15, 42, 0, 10, 29, 57, 48, 21, 36, 5, 23, 14, 61, 3, 6, 53]
13		3397.2475216100183		[2, 43, 67, 19, 11, 9, 55, 64, 38, 4, 17, 54, 34, 68, 35, 62, 49, 30, 28, 24, 39, 26, 25, 58, 45, 56, 60, 69, 13, 44, 1, 40, 51, 47, 63, 65, 52, 50, 27, 32, 7, 16, 18, 22, 41, 46, 37, 20, 31, 8, 33, 12, 59, 66, 15, 42, 0, 10, 29, 57, 48, 21, 36, 5, 23, 14, 61, 3, 6, 53]
14		3386.7425684710483		[19, 43, 67, 2, 11, 9, 55, 64, 38, 4, 17, 54, 34, 68, 35, 62, 49, 30, 28, 24, 39, 26, 25, 58, 45, 56, 60, 69, 13, 44, 1, 40, 51, 47, 63, 65, 52, 50, 27, 32, 7, 16, 18, 22, 41, 46, 37, 20, 31, 8, 33, 12, 59, 66, 15, 42, 0, 10, 29, 57, 48, 21, 36, 5, 23, 14, 61, 3, 6, 53]
15		3350.5771930452656		[58, 43, 67, 2, 11, 9, 55, 64, 38, 4, 17, 54, 34, 68, 35, 62, 49, 30, 28, 24, 39, 26, 25, 19, 45, 56, 60, 69, 13, 44, 1, 40, 51, 47, 63, 65, 52, 50, 27, 32, 7, 16, 18, 22, 41, 46, 37, 20, 31, 8, 33, 12, 59, 66, 15, 42, 0, 10, 29, 57, 48, 21, 36, 5, 23, 14, 61, 3, 6, 53]
16		3302.106873625987		[38, 43, 67, 2, 11, 9, 55, 64, 58, 4, 17, 54, 34, 68, 35, 62, 49, 30, 28, 24, 39, 26, 25, 19, 45, 56, 60, 69, 13, 44, 1, 40, 51, 47, 63, 65, 52, 50, 27, 32, 7, 16, 18, 22, 41, 46, 37, 20, 31, 8, 33, 12, 59, 66, 15, 42, 0, 10, 29, 57, 48, 21, 36, 5, 23, 14, 61, 3, 6, 53]
17		3283.887094231968		[2, 43, 67, 38, 11, 9, 55, 64, 58, 4, 17, 54, 34, 68, 35, 62, 49, 30, 28, 24, 39, 26, 25, 19, 45, 56, 60, 69, 13, 44, 1, 40, 51, 47, 63, 65, 52, 50, 27, 32, 7, 16, 18, 22, 41, 46, 37, 20, 31, 8, 33, 12, 59, 66, 15, 42, 0, 10, 29, 57, 48, 21, 36, 5, 23, 14, 61, 3, 6, 53]
18		3274.9924589121574		[54, 43, 67, 38, 11, 9, 55, 64, 58, 4, 17, 2, 34, 68, 35, 62, 49, 30, 28, 24, 39, 26, 25, 19, 45, 56, 60, 69, 13, 44, 1, 40, 51, 47, 63, 65, 52, 50, 27, 32, 7, 16, 18, 22, 41, 46, 37, 20, 31, 8, 33, 12, 59, 66, 15, 42, 0, 10, 29, 57, 48, 21, 36, 5, 23, 14, 61, 3, 6, 53]
19		3274.633648525873		[26, 43, 67, 38, 11, 9, 55, 64, 58, 4, 17, 2, 34, 68, 35, 62, 49, 30, 28, 24, 39, 54, 25, 19, 45, 56, 60, 69, 13, 44, 1, 40, 51, 47, 63, 65, 52, 50, 27, 32, 7, 16, 18, 22, 41, 46, 37, 20, 31, 8, 33, 12, 59, 66, 15, 42, 0, 10, 29, 57, 48, 21, 36, 5, 23, 14, 61, 3, 6, 53]
20		3258.7997404730622		[67, 43, 26, 38, 11, 9, 55, 64, 58, 4, 17, 2, 34, 68, 35, 62, 49, 30, 28, 24, 39, 54, 25, 19, 45, 56, 60, 69, 13, 44, 1, 40, 51, 47, 63, 65, 52, 50, 27, 32, 7, 16, 18, 22, 41, 46, 37, 20, 31, 8, 33, 12, 59, 66, 15, 42, 0, 10, 29, 57, 48, 21, 36, 5, 23, 14, 61, 3, 6, 53]
21		3255.6212721070265		[43, 67, 26, 38, 11, 9, 55, 64, 58, 4, 17, 2, 34, 68, 35, 62, 49, 30, 28, 24, 39, 54, 25, 19, 45, 56, 60, 69, 13, 44, 1, 40, 51, 47, 63, 65, 52, 50, 27, 32, 7, 16, 18, 22, 41, 46, 37, 20, 31, 8, 33, 12, 59, 66, 15, 42, 0, 10, 29, 57, 48, 21, 36, 5, 23, 14, 61, 3, 6, 53]
22		3232.518675386008		[45, 67, 26, 38, 11, 9, 55, 64, 58, 4, 17, 2, 34, 68, 35, 62, 49, 30, 28, 24, 39, 54, 25, 19, 43, 56, 60, 69, 13, 44, 1, 40, 51, 47, 63, 65, 52, 50, 27, 32, 7, 16, 18, 22, 41, 46, 37, 20, 31, 8, 33, 12, 59, 66, 15, 42, 0, 10, 29, 57, 48, 21, 36, 5, 23, 14, 61, 3, 6, 53]
23		3218.330539341467		[67, 45, 26, 38, 11, 9, 55, 64, 58, 4, 17, 2, 34, 68, 35, 62, 49, 30, 28, 24, 39, 54, 25, 19, 43, 56, 60, 69, 13, 44, 1, 40, 51, 47, 63, 65, 52, 50, 27, 32, 7, 16, 18, 22, 41, 46, 37, 20, 31, 8, 33, 12, 59, 66, 15, 42, 0, 10, 29, 57, 48, 21, 36, 5, 23, 14, 61, 3, 6, 53]
24		3208.792868899972		[38, 45, 26, 67, 11, 9, 55, 64, 58, 4, 17, 2, 34, 68, 35, 62, 49, 30, 28, 24, 39, 54, 25, 19, 43, 56, 60, 69, 13, 44, 1, 40, 51, 47, 63, 65, 52, 50, 27, 32, 7, 16, 18, 22, 41, 46, 37, 20, 31, 8, 33, 12, 59, 66, 15, 42, 0, 10, 29, 57, 48, 21, 36, 5, 23, 14, 61, 3, 6, 53]
25		3191.2733049617414		[24, 45, 26, 67, 11, 9, 55, 64, 58, 4, 17, 2, 34, 68, 35, 62, 49, 30, 28, 38, 39, 54, 25, 19, 43, 56, 60, 69, 13, 44, 1, 40, 51, 47, 63, 65, 52, 50, 27, 32, 7, 16, 18, 22, 41, 46, 37, 20, 31, 8, 33, 12, 59, 66, 15, 42, 0, 10, 29, 57, 48, 21, 36, 5, 23, 14, 61, 3, 6, 53]
26		3183.917104072937		[56, 45, 26, 67, 11, 9, 55, 64, 58, 4, 17, 2, 34, 68, 35, 62, 49, 30, 28, 38, 39, 54, 25, 19, 43, 24, 60, 69, 13, 44, 1, 40, 51, 47, 63, 65, 52, 50, 27, 32, 7, 16, 18, 22, 41, 46, 37, 20, 31, 8, 33, 12, 59, 66, 15, 42, 0, 10, 29, 57, 48, 21, 36, 5, 23, 14, 61, 3, 6, 53]
27		3144.7424345774407		[4, 45, 26, 67, 11, 9, 55, 64, 58, 56, 17, 2, 34, 68, 35, 62, 49, 30, 28, 38, 39, 54, 25, 19, 43, 24, 60, 69, 13, 44, 1, 40, 51, 47, 63, 65, 52, 50, 27, 32, 7, 16, 18, 22, 41, 46, 37, 20, 31, 8, 33, 12, 59, 66, 15, 42, 0, 10, 29, 57, 48, 21, 36, 5, 23, 14, 61, 3, 6, 53]
28		3133.3011382293253		[67, 45, 26, 4, 11, 9, 55, 64, 58, 56, 17, 2, 34, 68, 35, 62, 49, 30, 28, 38, 39, 54, 25, 19, 43, 24, 60, 69, 13, 44, 1, 40, 51, 47, 63, 65, 52, 50, 27, 32, 7, 16, 18, 22, 41, 46, 37, 20, 31, 8, 33, 12, 59, 66, 15, 42, 0, 10, 29, 57, 48, 21, 36, 5, 23, 14, 61, 3, 6, 53]
29		3120.5722324265694		[26, 45, 67, 4, 11, 9, 55, 64, 58, 56, 17, 2, 34, 68, 35, 62, 49, 30, 28, 38, 39, 54, 25, 19, 43, 24, 60, 69, 13, 44, 1, 40, 51, 47, 63, 65, 52, 50, 27, 32, 7, 16, 18, 22, 41, 46, 37, 20, 31, 8, 33, 12, 59, 66, 15, 42, 0, 10, 29, 57, 48, 21, 36, 5, 23, 14, 61, 3, 6, 53]
30		3114.2376686728708		[45, 26, 67, 4, 11, 9, 55, 64, 58, 56, 17, 2, 34, 68, 35, 62, 49, 30, 28, 38, 39, 54, 25, 19, 43, 24, 60, 69, 13, 44, 1, 40, 51, 47, 63, 65, 52, 50, 27, 32, 7, 16, 18, 22, 41, 46, 37, 20, 31, 8, 33, 12, 59, 66, 15, 42, 0, 10, 29, 57, 48, 21, 36, 5, 23, 14, 61, 3, 6, 53]
31		3079.7942143506607		[69, 26, 67, 4, 11, 9, 55, 64, 58, 56, 17, 2, 34, 68, 35, 62, 49, 30, 28, 38, 39, 54, 25, 19, 43, 24, 60, 45, 13, 44, 1, 40, 51, 47, 63, 65, 52, 50, 27, 32, 7, 16, 18, 22, 41, 46, 37, 20, 31, 8, 33, 12, 59, 66, 15, 42, 0, 10, 29, 57, 48, 21, 36, 5, 23, 14, 61, 3, 6, 53]
32		3076.7942143506607		[67, 26, 69, 4, 11, 9, 55, 64, 58, 56, 17, 2, 34, 68, 35, 62, 49, 30, 28, 38, 39, 54, 25, 19, 43, 24, 60, 45, 13, 44, 1, 40, 51, 47, 63, 65, 52, 50, 27, 32, 7, 16, 18, 22, 41, 46, 37, 20, 31, 8, 33, 12, 59, 66, 15, 42, 0, 10, 29, 57, 48, 21, 36, 5, 23, 14, 61, 3, 6, 53]
33		3059.2842298515898		[26, 67, 69, 4, 11, 9, 55, 64, 58, 56, 17, 2, 34, 68, 35, 62, 49, 30, 28, 38, 39, 54, 25, 19, 43, 24, 60, 45, 13, 44, 1, 40, 51, 47, 63, 65, 52, 50, 27, 32, 7, 16, 18, 22, 41, 46, 37, 20, 31, 8, 33, 12, 59, 66, 15, 42, 0, 10, 29, 57, 48, 21, 36, 5, 23, 14, 61, 3, 6, 53]
34		3033.024252392028		[43, 67, 69, 4, 11, 9, 55, 64, 58, 56, 17, 2, 34, 68, 35, 62, 49, 30, 28, 38, 39, 54, 25, 19, 26, 24, 60, 45, 13, 44, 1, 40, 51, 47, 63, 65, 52, 50, 27, 32, 7, 16, 18, 22, 41, 46, 37, 20, 31, 8, 33, 12, 59, 66, 15, 42, 0, 10, 29, 57, 48, 21, 36, 5, 23, 14, 61, 3, 6, 53]
35		3032.2938171612086		[67, 43, 69, 4, 11, 9, 55, 64, 58, 56, 17, 2, 34, 68, 35, 62, 49, 30, 28, 38, 39, 54, 25, 19, 26, 24, 60, 45, 13, 44, 1, 40, 51, 47, 63, 65, 52, 50, 27, 32, 7, 16, 18, 22, 41, 46, 37, 20, 31, 8, 33, 12, 59, 66, 15, 42, 0, 10, 29, 57, 48, 21, 36, 5, 23, 14, 61, 3, 6, 53]
36		3015.858564127215		[13, 43, 69, 4, 11, 9, 55, 64, 58, 56, 17, 2, 34, 68, 35, 62, 49, 30, 28, 38, 39, 54, 25, 19, 26, 24, 60, 45, 67, 44, 1, 40, 51, 47, 63, 65, 52, 50, 27, 32, 7, 16, 18, 22, 41, 46, 37, 20, 31, 8, 33, 12, 59, 66, 15, 42, 0, 10, 29, 57, 48, 21, 36, 5, 23, 14, 61, 3, 6, 53]
37		3015.838444889473		[19, 43, 69, 4, 11, 9, 55, 64, 58, 56, 17, 2, 34, 68, 35, 62, 49, 30, 28, 38, 39, 54, 25, 13, 26, 24, 60, 45, 67, 44, 1, 40, 51, 47, 63, 65, 52, 50, 27, 32, 7, 16, 18, 22, 41, 46, 37, 20, 31, 8, 33, 12, 59, 66, 15, 42, 0, 10, 29, 57, 48, 21, 36, 5, 23, 14, 61, 3, 6, 53]
38		2991.9800772182953		[44, 43, 69, 4, 11, 9, 55, 64, 58, 56, 17, 2, 34, 68, 35, 62, 49, 30, 28, 38, 39, 54, 25, 13, 26, 24, 60, 45, 67, 19, 1, 40, 51, 47, 63, 65, 52, 50, 27, 32, 7, 16, 18, 22, 41, 46, 37, 20, 31, 8, 33, 12, 59, 66, 15, 42, 0, 10, 29, 57, 48, 21, 36, 5, 23, 14, 61, 3, 6, 53]
39		2986.2755223247154		[39, 43, 69, 4, 11, 9, 55, 64, 58, 56, 17, 2, 34, 68, 35, 62, 49, 30, 28, 38, 44, 54, 25, 13, 26, 24, 60, 45, 67, 19, 1, 40, 51, 47, 63, 65, 52, 50, 27, 32, 7, 16, 18, 22, 41, 46, 37, 20, 31, 8, 33, 12, 59, 66, 15, 42, 0, 10, 29, 57, 48, 21, 36, 5, 23, 14, 61, 3, 6, 53]
40		2976.2410403832005		[54, 43, 69, 4, 11, 9, 55, 64, 58, 56, 17, 2, 34, 68, 35, 62, 49, 30, 28, 38, 44, 39, 25, 13, 26, 24, 60, 45, 67, 19, 1, 40, 51, 47, 63, 65, 52, 50, 27, 32, 7, 16, 18, 22, 41, 46, 37, 20, 31, 8, 33, 12, 59, 66, 15, 42, 0, 10, 29, 57, 48, 21, 36, 5, 23, 14, 61, 3, 6, 53]
41		2969.055784854997		[13, 43, 69, 4, 11, 9, 55, 64, 58, 56, 17, 2, 34, 68, 35, 62, 49, 30, 28, 38, 44, 39, 25, 54, 26, 24, 60, 45, 67, 19, 1, 40, 51, 47, 63, 65, 52, 50, 27, 32, 7, 16, 18, 22, 41, 46, 37, 20, 31, 8, 33, 12, 59, 66, 15, 42, 0, 10, 29, 57, 48, 21, 36, 5, 23, 14, 61, 3, 6, 53]
42		2954.224382911643		[67, 43, 69, 4, 11, 9, 55, 64, 58, 56, 17, 2, 34, 68, 35, 62, 49, 30, 28, 38, 44, 39, 25, 54, 26, 24, 60, 45, 13, 19, 1, 40, 51, 47, 63, 65, 52, 50, 27, 32, 7, 16, 18, 22, 41, 46, 37, 20, 31, 8, 33, 12, 59, 66, 15, 42, 0, 10, 29, 57, 48, 21, 36, 5, 23, 14, 61, 3, 6, 53]
43		2930.1778544995987		[27, 43, 69, 4, 11, 9, 55, 64, 58, 56, 17, 2, 34, 68, 35, 62, 49, 30, 28, 38, 44, 39, 25, 54, 26, 24, 60, 45, 13, 19, 1, 40, 51, 47, 63, 65, 52, 50, 67, 32, 7, 16, 18, 22, 41, 46, 37, 20, 31, 8, 33, 12, 59, 66, 15, 42, 0, 10, 29, 57, 48, 21, 36, 5, 23, 14, 61, 3, 6, 53]
44		2929.0176484839567		[43, 27, 69, 4, 11, 9, 55, 64, 58, 56, 17, 2, 34, 68, 35, 62, 49, 30, 28, 38, 44, 39, 25, 54, 26, 24, 60, 45, 13, 19, 1, 40, 51, 47, 63, 65, 52, 50, 67, 32, 7, 16, 18, 22, 41, 46, 37, 20, 31, 8, 33, 12, 59, 66, 15, 42, 0, 10, 29, 57, 48, 21, 36, 5, 23, 14, 61, 3, 6, 53]
45		2911.4434759789297		[25, 27, 69, 4, 11, 9, 55, 64, 58, 56, 17, 2, 34, 68, 35, 62, 49, 30, 28, 38, 44, 39, 43, 54, 26, 24, 60, 45, 13, 19, 1, 40, 51, 47, 63, 65, 52, 50, 67, 32, 7, 16, 18, 22, 41, 46, 37, 20, 31, 8, 33, 12, 59, 66, 15, 42, 0, 10, 29, 57, 48, 21, 36, 5, 23, 14, 61, 3, 6, 53]
46		2906.200756961444		[27, 25, 69, 4, 11, 9, 55, 64, 58, 56, 17, 2, 34, 68, 35, 62, 49, 30, 28, 38, 44, 39, 43, 54, 26, 24, 60, 45, 13, 19, 1, 40, 51, 47, 63, 65, 52, 50, 67, 32, 7, 16, 18, 22, 41, 46, 37, 20, 31, 8, 33, 12, 59, 66, 15, 42, 0, 10, 29, 57, 48, 21, 36, 5, 23, 14, 61, 3, 6, 53]
47		2867.915429719974		[54, 25, 69, 4, 11, 9, 55, 64, 58, 56, 17, 2, 34, 68, 35, 62, 49, 30, 28, 38, 44, 39, 43, 27, 26, 24, 60, 45, 13, 19, 1, 40, 51, 47, 63, 65, 52, 50, 67, 32, 7, 16, 18, 22, 41, 46, 37, 20, 31, 8, 33, 12, 59, 66, 15, 42, 0, 10, 29, 57, 48, 21, 36, 5, 23, 14, 61, 3, 6, 53]
48		2856.5055427721195		[16, 25, 69, 4, 11, 9, 55, 64, 58, 56, 17, 2, 34, 68, 35, 62, 49, 30, 28, 38, 44, 39, 43, 27, 26, 24, 60, 45, 13, 19, 1, 40, 51, 47, 63, 65, 52, 50, 67, 32, 7, 54, 18, 22, 41, 46, 37, 20, 31, 8, 33, 12, 59, 66, 15, 42, 0, 10, 29, 57, 48, 21, 36, 5, 23, 14, 61, 3, 6, 53]
49		2854.0466270315223		[25, 16, 69, 4, 11, 9, 55, 64, 58, 56, 17, 2, 34, 68, 35, 62, 49, 30, 28, 38, 44, 39, 43, 27, 26, 24, 60, 45, 13, 19, 1, 40, 51, 47, 63, 65, 52, 50, 67, 32, 7, 54, 18, 22, 41, 46, 37, 20, 31, 8, 33, 12, 59, 66, 15, 42, 0, 10, 29, 57, 48, 21, 36, 5, 23, 14, 61, 3, 6, 53]
50		2847.209303749379		[17, 16, 69, 4, 11, 9, 55, 64, 58, 56, 25, 2, 34, 68, 35, 62, 49, 30, 28, 38, 44, 39, 43, 27, 26, 24, 60, 45, 13, 19, 1, 40, 51, 47, 63, 65, 52, 50, 67, 32, 7, 54, 18, 22, 41, 46, 37, 20, 31, 8, 33, 12, 59, 66, 15, 42, 0, 10, 29, 57, 48, 21, 36, 5, 23, 14, 61, 3, 6, 53]
51		2829.9295433720654		[16, 17, 69, 4, 11, 9, 55, 64, 58, 56, 25, 2, 34, 68, 35, 62, 49, 30, 28, 38, 44, 39, 43, 27, 26, 24, 60, 45, 13, 19, 1, 40, 51, 47, 63, 65, 52, 50, 67, 32, 7, 54, 18, 22, 41, 46, 37, 20, 31, 8, 33, 12, 59, 66, 15, 42, 0, 10, 29, 57, 48, 21, 36, 5, 23, 14, 61, 3, 6, 53]
52		2817.9143883770066		[69, 17, 16, 4, 11, 9, 55, 64, 58, 56, 25, 2, 34, 68, 35, 62, 49, 30, 28, 38, 44, 39, 43, 27, 26, 24, 60, 45, 13, 19, 1, 40, 51, 47, 63, 65, 52, 50, 67, 32, 7, 54, 18, 22, 41, 46, 37, 20, 31, 8, 33, 12, 59, 66, 15, 42, 0, 10, 29, 57, 48, 21, 36, 5, 23, 14, 61, 3, 6, 53]
53		2781.448142831755		[2, 17, 16, 4, 11, 9, 55, 64, 58, 56, 25, 69, 34, 68, 35, 62, 49, 30, 28, 38, 44, 39, 43, 27, 26, 24, 60, 45, 13, 19, 1, 40, 51, 47, 63, 65, 52, 50, 67, 32, 7, 54, 18, 22, 41, 46, 37, 20, 31, 8, 33, 12, 59, 66, 15, 42, 0, 10, 29, 57, 48, 21, 36, 5, 23, 14, 61, 3, 6, 53]
54		2779.3709960359674		[27, 17, 16, 4, 11, 9, 55, 64, 58, 56, 25, 69, 34, 68, 35, 62, 49, 30, 28, 38, 44, 39, 43, 2, 26, 24, 60, 45, 13, 19, 1, 40, 51, 47, 63, 65, 52, 50, 67, 32, 7, 54, 18, 22, 41, 46, 37, 20, 31, 8, 33, 12, 59, 66, 15, 42, 0, 10, 29, 57, 48, 21, 36, 5, 23, 14, 61, 3, 6, 53]
55		2748.065224142696		[1, 17, 16, 4, 11, 9, 55, 64, 58, 56, 25, 69, 34, 68, 35, 62, 49, 30, 28, 38, 44, 39, 43, 2, 26, 24, 60, 45, 13, 19, 27, 40, 51, 47, 63, 65, 52, 50, 67, 32, 7, 54, 18, 22, 41, 46, 37, 20, 31, 8, 33, 12, 59, 66, 15, 42, 0, 10, 29, 57, 48, 21, 36, 5, 23, 14, 61, 3, 6, 53]
56		2724.978315742359		[25, 17, 16, 4, 11, 9, 55, 64, 58, 56, 1, 69, 34, 68, 35, 62, 49, 30, 28, 38, 44, 39, 43, 2, 26, 24, 60, 45, 13, 19, 27, 40, 51, 47, 63, 65, 52, 50, 67, 32, 7, 54, 18, 22, 41, 46, 37, 20, 31, 8, 33, 12, 59, 66, 15, 42, 0, 10, 29, 57, 48, 21, 36, 5, 23, 14, 61, 3, 6, 53]
57		2724.1380339149996		[40, 17, 16, 4, 11, 9, 55, 64, 58, 56, 1, 69, 34, 68, 35, 62, 49, 30, 28, 38, 44, 39, 43, 2, 26, 24, 60, 45, 13, 19, 27, 25, 51, 47, 63, 65, 52, 50, 67, 32, 7, 54, 18, 22, 41, 46, 37, 20, 31, 8, 33, 12, 59, 66, 15, 42, 0, 10, 29, 57, 48, 21, 36, 5, 23, 14, 61, 3, 6, 53]
58		2710.01292967162		[17, 40, 16, 4, 11, 9, 55, 64, 58, 56, 1, 69, 34, 68, 35, 62, 49, 30, 28, 38, 44, 39, 43, 2, 26, 24, 60, 45, 13, 19, 27, 25, 51, 47, 63, 65, 52, 50, 67, 32, 7, 54, 18, 22, 41, 46, 37, 20, 31, 8, 33, 12, 59, 66, 15, 42, 0, 10, 29, 57, 48, 21, 36, 5, 23, 14, 61, 3, 6, 53]
59		2703.5338011304425		[50, 40, 16, 4, 11, 9, 55, 64, 58, 56, 1, 69, 34, 68, 35, 62, 49, 30, 28, 38, 44, 39, 43, 2, 26, 24, 60, 45, 13, 19, 27, 25, 51, 47, 63, 65, 52, 17, 67, 32, 7, 54, 18, 22, 41, 46, 37, 20, 31, 8, 33, 12, 59, 66, 15, 42, 0, 10, 29, 57, 48, 21, 36, 5, 23, 14, 61, 3, 6, 53]
60		2695.247134195958		[16, 40, 50, 4, 11, 9, 55, 64, 58, 56, 1, 69, 34, 68, 35, 62, 49, 30, 28, 38, 44, 39, 43, 2, 26, 24, 60, 45, 13, 19, 27, 25, 51, 47, 63, 65, 52, 17, 67, 32, 7, 54, 18, 22, 41, 46, 37, 20, 31, 8, 33, 12, 59, 66, 15, 42, 0, 10, 29, 57, 48, 21, 36, 5, 23, 14, 61, 3, 6, 53]
61		2691.103220490976		[40, 16, 50, 4, 11, 9, 55, 64, 58, 56, 1, 69, 34, 68, 35, 62, 49, 30, 28, 38, 44, 39, 43, 2, 26, 24, 60, 45, 13, 19, 27, 25, 51, 47, 63, 65, 52, 17, 67, 32, 7, 54, 18, 22, 41, 46, 37, 20, 31, 8, 33, 12, 59, 66, 15, 42, 0, 10, 29, 57, 48, 21, 36, 5, 23, 14, 61, 3, 6, 53]
62		2672.2222174849603		[67, 16, 50, 4, 11, 9, 55, 64, 58, 56, 1, 69, 34, 68, 35, 62, 49, 30, 28, 38, 44, 39, 43, 2, 26, 24, 60, 45, 13, 19, 27, 25, 51, 47, 63, 65, 52, 17, 40, 32, 7, 54, 18, 22, 41, 46, 37, 20, 31, 8, 33, 12, 59, 66, 15, 42, 0, 10, 29, 57, 48, 21, 36, 5, 23, 14, 61, 3, 6, 53]
63		2651.276005368633		[2, 16, 50, 4, 11, 9, 55, 64, 58, 56, 1, 69, 34, 68, 35, 62, 49, 30, 28, 38, 44, 39, 43, 67, 26, 24, 60, 45, 13, 19, 27, 25, 51, 47, 63, 65, 52, 17, 40, 32, 7, 54, 18, 22, 41, 46, 37, 20, 31, 8, 33, 12, 59, 66, 15, 42, 0, 10, 29, 57, 48, 21, 36, 5, 23, 14, 61, 3, 6, 53]
64		2645.3120798721407		[51, 16, 50, 4, 11, 9, 55, 64, 58, 56, 1, 69, 34, 68, 35, 62, 49, 30, 28, 38, 44, 39, 43, 67, 26, 24, 60, 45, 13, 19, 27, 25, 2, 47, 63, 65, 52, 17, 40, 32, 7, 54, 18, 22, 41, 46, 37, 20, 31, 8, 33, 12, 59, 66, 15, 42, 0, 10, 29, 57, 48, 21, 36, 5, 23, 14, 61, 3, 6, 53]
65		2618.6248827147315		[16, 51, 50, 4, 11, 9, 55, 64, 58, 56, 1, 69, 34, 68, 35, 62, 49, 30, 28, 38, 44, 39, 43, 67, 26, 24, 60, 45, 13, 19, 27, 25, 2, 47, 63, 65, 52, 17, 40, 32, 7, 54, 18, 22, 41, 46, 37, 20, 31, 8, 33, 12, 59, 66, 15, 42, 0, 10, 29, 57, 48, 21, 36, 5, 23, 14, 61, 3, 6, 53]
66		2614.4084624691245		[4, 51, 50, 16, 11, 9, 55, 64, 58, 56, 1, 69, 34, 68, 35, 62, 49, 30, 28, 38, 44, 39, 43, 67, 26, 24, 60, 45, 13, 19, 27, 25, 2, 47, 63, 65, 52, 17, 40, 32, 7, 54, 18, 22, 41, 46, 37, 20, 31, 8, 33, 12, 59, 66, 15, 42, 0, 10, 29, 57, 48, 21, 36, 5, 23, 14, 61, 3, 6, 53]
67		2603.7355475681798		[50, 51, 4, 16, 11, 9, 55, 64, 58, 56, 1, 69, 34, 68, 35, 62, 49, 30, 28, 38, 44, 39, 43, 67, 26, 24, 60, 45, 13, 19, 27, 25, 2, 47, 63, 65, 52, 17, 40, 32, 7, 54, 18, 22, 41, 46, 37, 20, 31, 8, 33, 12, 59, 66, 15, 42, 0, 10, 29, 57, 48, 21, 36, 5, 23, 14, 61, 3, 6, 53]
68		2579.5921068104244		[9, 51, 4, 16, 11, 50, 55, 64, 58, 56, 1, 69, 34, 68, 35, 62, 49, 30, 28, 38, 44, 39, 43, 67, 26, 24, 60, 45, 13, 19, 27, 25, 2, 47, 63, 65, 52, 17, 40, 32, 7, 54, 18, 22, 41, 46, 37, 20, 31, 8, 33, 12, 59, 66, 15, 42, 0, 10, 29, 57, 48, 21, 36, 5, 23, 14, 61, 3, 6, 53]
69		2574.190352559433		[51, 9, 4, 16, 11, 50, 55, 64, 58, 56, 1, 69, 34, 68, 35, 62, 49, 30, 28, 38, 44, 39, 43, 67, 26, 24, 60, 45, 13, 19, 27, 25, 2, 47, 63, 65, 52, 17, 40, 32, 7, 54, 18, 22, 41, 46, 37, 20, 31, 8, 33, 12, 59, 66, 15, 42, 0, 10, 29, 57, 48, 21, 36, 5, 23, 14, 61, 3, 6, 53]
70		2570.360267028718		[4, 9, 51, 16, 11, 50, 55, 64, 58, 56, 1, 69, 34, 68, 35, 62, 49, 30, 28, 38, 44, 39, 43, 67, 26, 24, 60, 45, 13, 19, 27, 25, 2, 47, 63, 65, 52, 17, 40, 32, 7, 54, 18, 22, 41, 46, 37, 20, 31, 8, 33, 12, 59, 66, 15, 42, 0, 10, 29, 57, 48, 21, 36, 5, 23, 14, 61, 3, 6, 53]
71		2563.332170727096		[49, 9, 51, 16, 11, 50, 55, 64, 58, 56, 1, 69, 34, 68, 35, 62, 4, 30, 28, 38, 44, 39, 43, 67, 26, 24, 60, 45, 13, 19, 27, 25, 2, 47, 63, 65, 52, 17, 40, 32, 7, 54, 18, 22, 41, 46, 37, 20, 31, 8, 33, 12, 59, 66, 15, 42, 0, 10, 29, 57, 48, 21, 36, 5, 23, 14, 61, 3, 6, 53]
72		2554.789942041222		[65, 9, 51, 16, 11, 50, 55, 64, 58, 56, 1, 69, 34, 68, 35, 62, 4, 30, 28, 38, 44, 39, 43, 67, 26, 24, 60, 45, 13, 19, 27, 25, 2, 47, 63, 49, 52, 17, 40, 32, 7, 54, 18, 22, 41, 46, 37, 20, 31, 8, 33, 12, 59, 66, 15, 42, 0, 10, 29, 57, 48, 21, 36, 5, 23, 14, 61, 3, 6, 53]
73		2549.4244499741026		[64, 9, 51, 16, 11, 50, 55, 65, 58, 56, 1, 69, 34, 68, 35, 62, 4, 30, 28, 38, 44, 39, 43, 67, 26, 24, 60, 45, 13, 19, 27, 25, 2, 47, 63, 49, 52, 17, 40, 32, 7, 54, 18, 22, 41, 46, 37, 20, 31, 8, 33, 12, 59, 66, 15, 42, 0, 10, 29, 57, 48, 21, 36, 5, 23, 14, 61, 3, 6, 53]
74		2546.271350327398		[50, 9, 51, 16, 11, 64, 55, 65, 58, 56, 1, 69, 34, 68, 35, 62, 4, 30, 28, 38, 44, 39, 43, 67, 26, 24, 60, 45, 13, 19, 27, 25, 2, 47, 63, 49, 52, 17, 40, 32, 7, 54, 18, 22, 41, 46, 37, 20, 31, 8, 33, 12, 59, 66, 15, 42, 0, 10, 29, 57, 48, 21, 36, 5, 23, 14, 61, 3, 6, 53]
75		2538.395185746311		[63, 9, 51, 16, 11, 64, 55, 65, 58, 56, 1, 69, 34, 68, 35, 62, 4, 30, 28, 38, 44, 39, 43, 67, 26, 24, 60, 45, 13, 19, 27, 25, 2, 47, 50, 49, 52, 17, 40, 32, 7, 54, 18, 22, 41, 46, 37, 20, 31, 8, 33, 12, 59, 66, 15, 42, 0, 10, 29, 57, 48, 21, 36, 5, 23, 14, 61, 3, 6, 53]
76		2538.234251457096		[41, 9, 51, 16, 11, 64, 55, 65, 58, 56, 1, 69, 34, 68, 35, 62, 4, 30, 28, 38, 44, 39, 43, 67, 26, 24, 60, 45, 13, 19, 27, 25, 2, 47, 50, 49, 52, 17, 40, 32, 7, 54, 18, 22, 63, 46, 37, 20, 31, 8, 33, 12, 59, 66, 15, 42, 0, 10, 29, 57, 48, 21, 36, 5, 23, 14, 61, 3, 6, 53]
77		2532.101220849312		[51, 9, 41, 16, 11, 64, 55, 65, 58, 56, 1, 69, 34, 68, 35, 62, 4, 30, 28, 38, 44, 39, 43, 67, 26, 24, 60, 45, 13, 19, 27, 25, 2, 47, 50, 49, 52, 17, 40, 32, 7, 54, 18, 22, 63, 46, 37, 20, 31, 8, 33, 12, 59, 66, 15, 42, 0, 10, 29, 57, 48, 21, 36, 5, 23, 14, 61, 3, 6, 53]
78		2530.5836632660917		[63, 9, 41, 16, 11, 64, 55, 65, 58, 56, 1, 69, 34, 68, 35, 62, 4, 30, 28, 38, 44, 39, 43, 67, 26, 24, 60, 45, 13, 19, 27, 25, 2, 47, 50, 49, 52, 17, 40, 32, 7, 54, 18, 22, 51, 46, 37, 20, 31, 8, 33, 12, 59, 66, 15, 42, 0, 10, 29, 57, 48, 21, 36, 5, 23, 14, 61, 3, 6, 53]
79		2502.9914474009656		[12, 9, 41, 16, 11, 64, 55, 65, 58, 56, 1, 69, 34, 68, 35, 62, 4, 30, 28, 38, 44, 39, 43, 67, 26, 24, 60, 45, 13, 19, 27, 25, 2, 47, 50, 49, 52, 17, 40, 32, 7, 54, 18, 22, 51, 46, 37, 20, 31, 8, 33, 63, 59, 66, 15, 42, 0, 10, 29, 57, 48, 21, 36, 5, 23, 14, 61, 3, 6, 53]
80		2502.1784626348135		[65, 9, 41, 16, 11, 64, 55, 12, 58, 56, 1, 69, 34, 68, 35, 62, 4, 30, 28, 38, 44, 39, 43, 67, 26, 24, 60, 45, 13, 19, 27, 25, 2, 47, 50, 49, 52, 17, 40, 32, 7, 54, 18, 22, 51, 46, 37, 20, 31, 8, 33, 63, 59, 66, 15, 42, 0, 10, 29, 57, 48, 21, 36, 5, 23, 14, 61, 3, 6, 53]
81		2497.6289405879124		[9, 65, 41, 16, 11, 64, 55, 12, 58, 56, 1, 69, 34, 68, 35, 62, 4, 30, 28, 38, 44, 39, 43, 67, 26, 24, 60, 45, 13, 19, 27, 25, 2, 47, 50, 49, 52, 17, 40, 32, 7, 54, 18, 22, 51, 46, 37, 20, 31, 8, 33, 63, 59, 66, 15, 42, 0, 10, 29, 57, 48, 21, 36, 5, 23, 14, 61, 3, 6, 53]
82		2477.058864455933		[12, 65, 41, 16, 11, 64, 55, 9, 58, 56, 1, 69, 34, 68, 35, 62, 4, 30, 28, 38, 44, 39, 43, 67, 26, 24, 60, 45, 13, 19, 27, 25, 2, 47, 50, 49, 52, 17, 40, 32, 7, 54, 18, 22, 51, 46, 37, 20, 31, 8, 33, 63, 59, 66, 15, 42, 0, 10, 29, 57, 48, 21, 36, 5, 23, 14, 61, 3, 6, 53]
83		2442.5463506984147		[1, 65, 41, 16, 11, 64, 55, 9, 58, 56, 12, 69, 34, 68, 35, 62, 4, 30, 28, 38, 44, 39, 43, 67, 26, 24, 60, 45, 13, 19, 27, 25, 2, 47, 50, 49, 52, 17, 40, 32, 7, 54, 18, 22, 51, 46, 37, 20, 31, 8, 33, 63, 59, 66, 15, 42, 0, 10, 29, 57, 48, 21, 36, 5, 23, 14, 61, 3, 6, 53]
84		2426.91525879325		[65, 1, 41, 16, 11, 64, 55, 9, 58, 56, 12, 69, 34, 68, 35, 62, 4, 30, 28, 38, 44, 39, 43, 67, 26, 24, 60, 45, 13, 19, 27, 25, 2, 47, 50, 49, 52, 17, 40, 32, 7, 54, 18, 22, 51, 46, 37, 20, 31, 8, 33, 63, 59, 66, 15, 42, 0, 10, 29, 57, 48, 21, 36, 5, 23, 14, 61, 3, 6, 53]
85		2425.93253705821		[58, 1, 41, 16, 11, 64, 55, 9, 65, 56, 12, 69, 34, 68, 35, 62, 4, 30, 28, 38, 44, 39, 43, 67, 26, 24, 60, 45, 13, 19, 27, 25, 2, 47, 50, 49, 52, 17, 40, 32, 7, 54, 18, 22, 51, 46, 37, 20, 31, 8, 33, 63, 59, 66, 15, 42, 0, 10, 29, 57, 48, 21, 36, 5, 23, 14, 61, 3, 6, 53]
86		2389.056126187625		[56, 1, 41, 16, 11, 64, 55, 9, 65, 58, 12, 69, 34, 68, 35, 62, 4, 30, 28, 38, 44, 39, 43, 67, 26, 24, 60, 45, 13, 19, 27, 25, 2, 47, 50, 49, 52, 17, 40, 32, 7, 54, 18, 22, 51, 46, 37, 20, 31, 8, 33, 63, 59, 66, 15, 42, 0, 10, 29, 57, 48, 21, 36, 5, 23, 14, 61, 3, 6, 53]
87		2380.6259597138555		[4, 1, 41, 16, 11, 64, 55, 9, 65, 58, 12, 69, 34, 68, 35, 62, 56, 30, 28, 38, 44, 39, 43, 67, 26, 24, 60, 45, 13, 19, 27, 25, 2, 47, 50, 49, 52, 17, 40, 32, 7, 54, 18, 22, 51, 46, 37, 20, 31, 8, 33, 63, 59, 66, 15, 42, 0, 10, 29, 57, 48, 21, 36, 5, 23, 14, 61, 3, 6, 53]
88		2363.544527091453		[65, 1, 41, 16, 11, 64, 55, 9, 4, 58, 12, 69, 34, 68, 35, 62, 56, 30, 28, 38, 44, 39, 43, 67, 26, 24, 60, 45, 13, 19, 27, 25, 2, 47, 50, 49, 52, 17, 40, 32, 7, 54, 18, 22, 51, 46, 37, 20, 31, 8, 33, 63, 59, 66, 15, 42, 0, 10, 29, 57, 48, 21, 36, 5, 23, 14, 61, 3, 6, 53]
89		2343.0554862285267		[56, 1, 41, 16, 11, 64, 55, 9, 4, 58, 12, 69, 34, 68, 35, 62, 65, 30, 28, 38, 44, 39, 43, 67, 26, 24, 60, 45, 13, 19, 27, 25, 2, 47, 50, 49, 52, 17, 40, 32, 7, 54, 18, 22, 51, 46, 37, 20, 31, 8, 33, 63, 59, 66, 15, 42, 0, 10, 29, 57, 48, 21, 36, 5, 23, 14, 61, 3, 6, 53]
90		2335.410939204201		[18, 1, 41, 16, 11, 64, 55, 9, 4, 58, 12, 69, 34, 68, 35, 62, 65, 30, 28, 38, 44, 39, 43, 67, 26, 24, 60, 45, 13, 19, 27, 25, 2, 47, 50, 49, 52, 17, 40, 32, 7, 54, 56, 22, 51, 46, 37, 20, 31, 8, 33, 63, 59, 66, 15, 42, 0, 10, 29, 57, 48, 21, 36, 5, 23, 14, 61, 3, 6, 53]
91		2331.4698671447636		[54, 1, 41, 16, 11, 64, 55, 9, 4, 58, 12, 69, 34, 68, 35, 62, 65, 30, 28, 38, 44, 39, 43, 67, 26, 24, 60, 45, 13, 19, 27, 25, 2, 47, 50, 49, 52, 17, 40, 32, 7, 18, 56, 22, 51, 46, 37, 20, 31, 8, 33, 63, 59, 66, 15, 42, 0, 10, 29, 57, 48, 21, 36, 5, 23, 14, 61, 3, 6, 53]
92		2323.9546436896203		[32, 1, 41, 16, 11, 64, 55, 9, 4, 58, 12, 69, 34, 68, 35, 62, 65, 30, 28, 38, 44, 39, 43, 67, 26, 24, 60, 45, 13, 19, 27, 25, 2, 47, 50, 49, 52, 17, 40, 54, 7, 18, 56, 22, 51, 46, 37, 20, 31, 8, 33, 63, 59, 66, 15, 42, 0, 10, 29, 57, 48, 21, 36, 5, 23, 14, 61, 3, 6, 53]
93		2316.4787255796423		[16, 1, 41, 32, 11, 64, 55, 9, 4, 58, 12, 69, 34, 68, 35, 62, 65, 30, 28, 38, 44, 39, 43, 67, 26, 24, 60, 45, 13, 19, 27, 25, 2, 47, 50, 49, 52, 17, 40, 54, 7, 18, 56, 22, 51, 46, 37, 20, 31, 8, 33, 63, 59, 66, 15, 42, 0, 10, 29, 57, 48, 21, 36, 5, 23, 14, 61, 3, 6, 53]
94		2297.7523597329314		[41, 1, 16, 32, 11, 64, 55, 9, 4, 58, 12, 69, 34, 68, 35, 62, 65, 30, 28, 38, 44, 39, 43, 67, 26, 24, 60, 45, 13, 19, 27, 25, 2, 47, 50, 49, 52, 17, 40, 54, 7, 18, 56, 22, 51, 46, 37, 20, 31, 8, 33, 63, 59, 66, 15, 42, 0, 10, 29, 57, 48, 21, 36, 5, 23, 14, 61, 3, 6, 53]
95		2280.574586114891		[1, 41, 16, 32, 11, 64, 55, 9, 4, 58, 12, 69, 34, 68, 35, 62, 65, 30, 28, 38, 44, 39, 43, 67, 26, 24, 60, 45, 13, 19, 27, 25, 2, 47, 50, 49, 52, 17, 40, 54, 7, 18, 56, 22, 51, 46, 37, 20, 31, 8, 33, 63, 59, 66, 15, 42, 0, 10, 29, 57, 48, 21, 36, 5, 23, 14, 61, 3, 6, 53]
96		2253.322245963793		[40, 41, 16, 32, 11, 64, 55, 9, 4, 58, 12, 69, 34, 68, 35, 62, 65, 30, 28, 38, 44, 39, 43, 67, 26, 24, 60, 45, 13, 19, 27, 25, 2, 47, 50, 49, 52, 17, 1, 54, 7, 18, 56, 22, 51, 46, 37, 20, 31, 8, 33, 63, 59, 66, 15, 42, 0, 10, 29, 57, 48, 21, 36, 5, 23, 14, 61, 3, 6, 53]
97		2244.618338160627		[41, 40, 16, 32, 11, 64, 55, 9, 4, 58, 12, 69, 34, 68, 35, 62, 65, 30, 28, 38, 44, 39, 43, 67, 26, 24, 60, 45, 13, 19, 27, 25, 2, 47, 50, 49, 52, 17, 1, 54, 7, 18, 56, 22, 51, 46, 37, 20, 31, 8, 33, 63, 59, 66, 15, 42, 0, 10, 29, 57, 48, 21, 36, 5, 23, 14, 61, 3, 6, 53]
98		2213.379753009155		[20, 40, 16, 32, 11, 64, 55, 9, 4, 58, 12, 69, 34, 68, 35, 62, 65, 30, 28, 38, 44, 39, 43, 67, 26, 24, 60, 45, 13, 19, 27, 25, 2, 47, 50, 49, 52, 17, 1, 54, 7, 18, 56, 22, 51, 46, 37, 41, 31, 8, 33, 63, 59, 66, 15, 42, 0, 10, 29, 57, 48, 21, 36, 5, 23, 14, 61, 3, 6, 53]
99		2199.517686863549		[16, 40, 20, 32, 11, 64, 55, 9, 4, 58, 12, 69, 34, 68, 35, 62, 65, 30, 28, 38, 44, 39, 43, 67, 26, 24, 60, 45, 13, 19, 27, 25, 2, 47, 50, 49, 52, 17, 1, 54, 7, 18, 56, 22, 51, 46, 37, 41, 31, 8, 33, 63, 59, 66, 15, 42, 0, 10, 29, 57, 48, 21, 36, 5, 23, 14, 61, 3, 6, 53]
100		2187.4634873756577		[40, 16, 20, 32, 11, 64, 55, 9, 4, 58, 12, 69, 34, 68, 35, 62, 65, 30, 28, 38, 44, 39, 43, 67, 26, 24, 60, 45, 13, 19, 27, 25, 2, 47, 50, 49, 52, 17, 1, 54, 7, 18, 56, 22, 51, 46, 37, 41, 31, 8, 33, 63, 59, 66, 15, 42, 0, 10, 29, 57, 48, 21, 36, 5, 23, 14, 61, 3, 6, 53]
101		2174.182666593287		[8, 16, 20, 32, 11, 64, 55, 9, 4, 58, 12, 69, 34, 68, 35, 62, 65, 30, 28, 38, 44, 39, 43, 67, 26, 24, 60, 45, 13, 19, 27, 25, 2, 47, 50, 49, 52, 17, 1, 54, 7, 18, 56, 22, 51, 46, 37, 41, 31, 40, 33, 63, 59, 66, 15, 42, 0, 10, 29, 57, 48, 21, 36, 5, 23, 14, 61, 3, 6, 53]
102		2172.867142464626		[43, 16, 20, 32, 11, 64, 55, 9, 4, 58, 12, 69, 34, 68, 35, 62, 65, 30, 28, 38, 44, 39, 8, 67, 26, 24, 60, 45, 13, 19, 27, 25, 2, 47, 50, 49, 52, 17, 1, 54, 7, 18, 56, 22, 51, 46, 37, 41, 31, 40, 33, 63, 59, 66, 15, 42, 0, 10, 29, 57, 48, 21, 36, 5, 23, 14, 61, 3, 6, 53]
103		2151.130021971391		[10, 16, 20, 32, 11, 64, 55, 9, 4, 58, 12, 69, 34, 68, 35, 62, 65, 30, 28, 38, 44, 39, 8, 67, 26, 24, 60, 45, 13, 19, 27, 25, 2, 47, 50, 49, 52, 17, 1, 54, 7, 18, 56, 22, 51, 46, 37, 41, 31, 40, 33, 63, 59, 66, 15, 42, 0, 43, 29, 57, 48, 21, 36, 5, 23, 14, 61, 3, 6, 53]
104		2111.185404123738		[11, 16, 20, 32, 10, 64, 55, 9, 4, 58, 12, 69, 34, 68, 35, 62, 65, 30, 28, 38, 44, 39, 8, 67, 26, 24, 60, 45, 13, 19, 27, 25, 2, 47, 50, 49, 52, 17, 1, 54, 7, 18, 56, 22, 51, 46, 37, 41, 31, 40, 33, 63, 59, 66, 15, 42, 0, 43, 29, 57, 48, 21, 36, 5, 23, 14, 61, 3, 6, 53]
105		2104.82545677018		[16, 11, 20, 32, 10, 64, 55, 9, 4, 58, 12, 69, 34, 68, 35, 62, 65, 30, 28, 38, 44, 39, 8, 67, 26, 24, 60, 45, 13, 19, 27, 25, 2, 47, 50, 49, 52, 17, 1, 54, 7, 18, 56, 22, 51, 46, 37, 41, 31, 40, 33, 63, 59, 66, 15, 42, 0, 43, 29, 57, 48, 21, 36, 5, 23, 14, 61, 3, 6, 53]
106		2089.6981851385294		[47, 11, 20, 32, 10, 64, 55, 9, 4, 58, 12, 69, 34, 68, 35, 62, 65, 30, 28, 38, 44, 39, 8, 67, 26, 24, 60, 45, 13, 19, 27, 25, 2, 16, 50, 49, 52, 17, 1, 54, 7, 18, 56, 22, 51, 46, 37, 41, 31, 40, 33, 63, 59, 66, 15, 42, 0, 43, 29, 57, 48, 21, 36, 5, 23, 14, 61, 3, 6, 53]
107		2074.043334298783		[32, 11, 20, 47, 10, 64, 55, 9, 4, 58, 12, 69, 34, 68, 35, 62, 65, 30, 28, 38, 44, 39, 8, 67, 26, 24, 60, 45, 13, 19, 27, 25, 2, 16, 50, 49, 52, 17, 1, 54, 7, 18, 56, 22, 51, 46, 37, 41, 31, 40, 33, 63, 59, 66, 15, 42, 0, 43, 29, 57, 48, 21, 36, 5, 23, 14, 61, 3, 6, 53]
108		2060.011166733892		[20, 11, 32, 47, 10, 64, 55, 9, 4, 58, 12, 69, 34, 68, 35, 62, 65, 30, 28, 38, 44, 39, 8, 67, 26, 24, 60, 45, 13, 19, 27, 25, 2, 16, 50, 49, 52, 17, 1, 54, 7, 18, 56, 22, 51, 46, 37, 41, 31, 40, 33, 63, 59, 66, 15, 42, 0, 43, 29, 57, 48, 21, 36, 5, 23, 14, 61, 3, 6, 53]
109		2059.5211633987697		[33, 11, 32, 47, 10, 64, 55, 9, 4, 58, 12, 69, 34, 68, 35, 62, 65, 30, 28, 38, 44, 39, 8, 67, 26, 24, 60, 45, 13, 19, 27, 25, 2, 16, 50, 49, 52, 17, 1, 54, 7, 18, 56, 22, 51, 46, 37, 41, 31, 40, 20, 63, 59, 66, 15, 42, 0, 43, 29, 57, 48, 21, 36, 5, 23, 14, 61, 3, 6, 53]
110		2017.51203431256		[63, 11, 32, 47, 10, 64, 55, 9, 4, 58, 12, 69, 34, 68, 35, 62, 65, 30, 28, 38, 44, 39, 8, 67, 26, 24, 60, 45, 13, 19, 27, 25, 2, 16, 50, 49, 52, 17, 1, 54, 7, 18, 56, 22, 51, 46, 37, 41, 31, 40, 20, 33, 59, 66, 15, 42, 0, 43, 29, 57, 48, 21, 36, 5, 23, 14, 61, 3, 6, 53]
111		2010.6990487933294		[66, 11, 32, 47, 10, 64, 55, 9, 4, 58, 12, 69, 34, 68, 35, 62, 65, 30, 28, 38, 44, 39, 8, 67, 26, 24, 60, 45, 13, 19, 27, 25, 2, 16, 50, 49, 52, 17, 1, 54, 7, 18, 56, 22, 51, 46, 37, 41, 31, 40, 20, 33, 59, 63, 15, 42, 0, 43, 29, 57, 48, 21, 36, 5, 23, 14, 61, 3, 6, 53]
112		1996.5886955946235		[32, 11, 66, 47, 10, 64, 55, 9, 4, 58, 12, 69, 34, 68, 35, 62, 65, 30, 28, 38, 44, 39, 8, 67, 26, 24, 60, 45, 13, 19, 27, 25, 2, 16, 50, 49, 52, 17, 1, 54, 7, 18, 56, 22, 51, 46, 37, 41, 31, 40, 20, 33, 59, 63, 15, 42, 0, 43, 29, 57, 48, 21, 36, 5, 23, 14, 61, 3, 6, 53]
113		1987.4948174935162		[11, 32, 66, 47, 10, 64, 55, 9, 4, 58, 12, 69, 34, 68, 35, 62, 65, 30, 28, 38, 44, 39, 8, 67, 26, 24, 60, 45, 13, 19, 27, 25, 2, 16, 50, 49, 52, 17, 1, 54, 7, 18, 56, 22, 51, 46, 37, 41, 31, 40, 20, 33, 59, 63, 15, 42, 0, 43, 29, 57, 48, 21, 36, 5, 23, 14, 61, 3, 6, 53]
114		1986.7225700174286		[50, 32, 66, 47, 10, 64, 55, 9, 4, 58, 12, 69, 34, 68, 35, 62, 65, 30, 28, 38, 44, 39, 8, 67, 26, 24, 60, 45, 13, 19, 27, 25, 2, 16, 11, 49, 52, 17, 1, 54, 7, 18, 56, 22, 51, 46, 37, 41, 31, 40, 20, 33, 59, 63, 15, 42, 0, 43, 29, 57, 48, 21, 36, 5, 23, 14, 61, 3, 6, 53]
115		1978.7993269891535		[55, 32, 66, 47, 10, 64, 50, 9, 4, 58, 12, 69, 34, 68, 35, 62, 65, 30, 28, 38, 44, 39, 8, 67, 26, 24, 60, 45, 13, 19, 27, 25, 2, 16, 11, 49, 52, 17, 1, 54, 7, 18, 56, 22, 51, 46, 37, 41, 31, 40, 20, 33, 59, 63, 15, 42, 0, 43, 29, 57, 48, 21, 36, 5, 23, 14, 61, 3, 6, 53]
116		1970.8833888965355		[32, 55, 66, 47, 10, 64, 50, 9, 4, 58, 12, 69, 34, 68, 35, 62, 65, 30, 28, 38, 44, 39, 8, 67, 26, 24, 60, 45, 13, 19, 27, 25, 2, 16, 11, 49, 52, 17, 1, 54, 7, 18, 56, 22, 51, 46, 37, 41, 31, 40, 20, 33, 59, 63, 15, 42, 0, 43, 29, 57, 48, 21, 36, 5, 23, 14, 61, 3, 6, 53]
117		1968.9506551905624		[59, 55, 66, 47, 10, 64, 50, 9, 4, 58, 12, 69, 34, 68, 35, 62, 65, 30, 28, 38, 44, 39, 8, 67, 26, 24, 60, 45, 13, 19, 27, 25, 2, 16, 11, 49, 52, 17, 1, 54, 7, 18, 56, 22, 51, 46, 37, 41, 31, 40, 20, 33, 32, 63, 15, 42, 0, 43, 29, 57, 48, 21, 36, 5, 23, 14, 61, 3, 6, 53]
118		1963.5114273493973		[49, 55, 66, 47, 10, 64, 50, 9, 4, 58, 12, 69, 34, 68, 35, 62, 65, 30, 28, 38, 44, 39, 8, 67, 26, 24, 60, 45, 13, 19, 27, 25, 2, 16, 11, 59, 52, 17, 1, 54, 7, 18, 56, 22, 51, 46, 37, 41, 31, 40, 20, 33, 32, 63, 15, 42, 0, 43, 29, 57, 48, 21, 36, 5, 23, 14, 61, 3, 6, 53]
119		1952.2097342288935		[50, 55, 66, 47, 10, 64, 49, 9, 4, 58, 12, 69, 34, 68, 35, 62, 65, 30, 28, 38, 44, 39, 8, 67, 26, 24, 60, 45, 13, 19, 27, 25, 2, 16, 11, 59, 52, 17, 1, 54, 7, 18, 56, 22, 51, 46, 37, 41, 31, 40, 20, 33, 32, 63, 15, 42, 0, 43, 29, 57, 48, 21, 36, 5, 23, 14, 61, 3, 6, 53]
120		1948.6519099765023		[64, 55, 66, 47, 10, 50, 49, 9, 4, 58, 12, 69, 34, 68, 35, 62, 65, 30, 28, 38, 44, 39, 8, 67, 26, 24, 60, 45, 13, 19, 27, 25, 2, 16, 11, 59, 52, 17, 1, 54, 7, 18, 56, 22, 51, 46, 37, 41, 31, 40, 20, 33, 32, 63, 15, 42, 0, 43, 29, 57, 48, 21, 36, 5, 23, 14, 61, 3, 6, 53]
121		1940.520230602388		[63, 55, 66, 47, 10, 50, 49, 9, 4, 58, 12, 69, 34, 68, 35, 62, 65, 30, 28, 38, 44, 39, 8, 67, 26, 24, 60, 45, 13, 19, 27, 25, 2, 16, 11, 59, 52, 17, 1, 54, 7, 18, 56, 22, 51, 46, 37, 41, 31, 40, 20, 33, 32, 64, 15, 42, 0, 43, 29, 57, 48, 21, 36, 5, 23, 14, 61, 3, 6, 53]
122		1932.774722905784		[63, 10, 66, 47, 55, 50, 49, 9, 4, 58, 12, 69, 34, 68, 35, 62, 65, 30, 28, 38, 44, 39, 8, 67, 26, 24, 60, 45, 13, 19, 27, 25, 2, 16, 11, 59, 52, 17, 1, 54, 7, 18, 56, 22, 51, 46, 37, 41, 31, 40, 20, 33, 32, 64, 15, 42, 0, 43, 29, 57, 48, 21, 36, 5, 23, 14, 61, 3, 6, 53]
123		1928.8971401815925		[63, 10, 47, 66, 55, 50, 49, 9, 4, 58, 12, 69, 34, 68, 35, 62, 65, 30, 28, 38, 44, 39, 8, 67, 26, 24, 60, 45, 13, 19, 27, 25, 2, 16, 11, 59, 52, 17, 1, 54, 7, 18, 56, 22, 51, 46, 37, 41, 31, 40, 20, 33, 32, 64, 15, 42, 0, 43, 29, 57, 48, 21, 36, 5, 23, 14, 61, 3, 6, 53]
124		1925.2405590509597		[63, 10, 47, 66, 55, 64, 49, 9, 4, 58, 12, 69, 34, 68, 35, 62, 65, 30, 28, 38, 44, 39, 8, 67, 26, 24, 60, 45, 13, 19, 27, 25, 2, 16, 11, 59, 52, 17, 1, 54, 7, 18, 56, 22, 51, 46, 37, 41, 31, 40, 20, 33, 32, 50, 15, 42, 0, 43, 29, 57, 48, 21, 36, 5, 23, 14, 61, 3, 6, 53]
125		1903.9385361019008		[63, 10, 47, 66, 55, 64, 51, 9, 4, 58, 12, 69, 34, 68, 35, 62, 65, 30, 28, 38, 44, 39, 8, 67, 26, 24, 60, 45, 13, 19, 27, 25, 2, 16, 11, 59, 52, 17, 1, 54, 7, 18, 56, 22, 49, 46, 37, 41, 31, 40, 20, 33, 32, 50, 15, 42, 0, 43, 29, 57, 48, 21, 36, 5, 23, 14, 61, 3, 6, 53]
126		1896.3434722300062		[63, 10, 47, 66, 55, 64, 50, 9, 4, 58, 12, 69, 34, 68, 35, 62, 65, 30, 28, 38, 44, 39, 8, 67, 26, 24, 60, 45, 13, 19, 27, 25, 2, 16, 11, 59, 52, 17, 1, 54, 7, 18, 56, 22, 49, 46, 37, 41, 31, 40, 20, 33, 32, 51, 15, 42, 0, 43, 29, 57, 48, 21, 36, 5, 23, 14, 61, 3, 6, 53]
127		1878.9313784854535		[63, 10, 47, 66, 55, 64, 50, 15, 4, 58, 12, 69, 34, 68, 35, 62, 65, 30, 28, 38, 44, 39, 8, 67, 26, 24, 60, 45, 13, 19, 27, 25, 2, 16, 11, 59, 52, 17, 1, 54, 7, 18, 56, 22, 49, 46, 37, 41, 31, 40, 20, 33, 32, 51, 9, 42, 0, 43, 29, 57, 48, 21, 36, 5, 23, 14, 61, 3, 6, 53]
128		1857.204414193936		[63, 10, 47, 66, 55, 64, 0, 15, 4, 58, 12, 69, 34, 68, 35, 62, 65, 30, 28, 38, 44, 39, 8, 67, 26, 24, 60, 45, 13, 19, 27, 25, 2, 16, 11, 59, 52, 17, 1, 54, 7, 18, 56, 22, 49, 46, 37, 41, 31, 40, 20, 33, 32, 51, 9, 42, 50, 43, 29, 57, 48, 21, 36, 5, 23, 14, 61, 3, 6, 53]
129		1856.652593940385		[63, 10, 47, 66, 55, 64, 15, 0, 4, 58, 12, 69, 34, 68, 35, 62, 65, 30, 28, 38, 44, 39, 8, 67, 26, 24, 60, 45, 13, 19, 27, 25, 2, 16, 11, 59, 52, 17, 1, 54, 7, 18, 56, 22, 49, 46, 37, 41, 31, 40, 20, 33, 32, 51, 9, 42, 50, 43, 29, 57, 48, 21, 36, 5, 23, 14, 61, 3, 6, 53]
130		1844.1876252990255		[63, 10, 47, 66, 55, 64, 4, 0, 15, 58, 12, 69, 34, 68, 35, 62, 65, 30, 28, 38, 44, 39, 8, 67, 26, 24, 60, 45, 13, 19, 27, 25, 2, 16, 11, 59, 52, 17, 1, 54, 7, 18, 56, 22, 49, 46, 37, 41, 31, 40, 20, 33, 32, 51, 9, 42, 50, 43, 29, 57, 48, 21, 36, 5, 23, 14, 61, 3, 6, 53]
131		1843.6556183699563		[63, 10, 47, 66, 55, 42, 4, 0, 15, 58, 12, 69, 34, 68, 35, 62, 65, 30, 28, 38, 44, 39, 8, 67, 26, 24, 60, 45, 13, 19, 27, 25, 2, 16, 11, 59, 52, 17, 1, 54, 7, 18, 56, 22, 49, 46, 37, 41, 31, 40, 20, 33, 32, 51, 9, 64, 50, 43, 29, 57, 48, 21, 36, 5, 23, 14, 61, 3, 6, 53]
132		1837.3060579033558		[63, 10, 47, 66, 61, 42, 4, 0, 15, 58, 12, 69, 34, 68, 35, 62, 65, 30, 28, 38, 44, 39, 8, 67, 26, 24, 60, 45, 13, 19, 27, 25, 2, 16, 11, 59, 52, 17, 1, 54, 7, 18, 56, 22, 49, 46, 37, 41, 31, 40, 20, 33, 32, 51, 9, 64, 50, 43, 29, 57, 48, 21, 36, 5, 23, 14, 55, 3, 6, 53]
133		1835.0933125995007		[63, 10, 66, 47, 61, 42, 4, 0, 15, 58, 12, 69, 34, 68, 35, 62, 65, 30, 28, 38, 44, 39, 8, 67, 26, 24, 60, 45, 13, 19, 27, 25, 2, 16, 11, 59, 52, 17, 1, 54, 7, 18, 56, 22, 49, 46, 37, 41, 31, 40, 20, 33, 32, 51, 9, 64, 50, 43, 29, 57, 48, 21, 36, 5, 23, 14, 55, 3, 6, 53]
134		1828.5372117532686		[63, 10, 66, 47, 53, 42, 4, 0, 15, 58, 12, 69, 34, 68, 35, 62, 65, 30, 28, 38, 44, 39, 8, 67, 26, 24, 60, 45, 13, 19, 27, 25, 2, 16, 11, 59, 52, 17, 1, 54, 7, 18, 56, 22, 49, 46, 37, 41, 31, 40, 20, 33, 32, 51, 9, 64, 50, 43, 29, 57, 48, 21, 36, 5, 23, 14, 55, 3, 6, 61]
135		1822.4015460844637		[63, 10, 66, 47, 53, 16, 4, 0, 15, 58, 12, 69, 34, 68, 35, 62, 65, 30, 28, 38, 44, 39, 8, 67, 26, 24, 60, 45, 13, 19, 27, 25, 2, 42, 11, 59, 52, 17, 1, 54, 7, 18, 56, 22, 49, 46, 37, 41, 31, 40, 20, 33, 32, 51, 9, 64, 50, 43, 29, 57, 48, 21, 36, 5, 23, 14, 55, 3, 6, 61]
136		1796.9715483553534		[63, 10, 66, 47, 53, 11, 4, 0, 15, 58, 12, 69, 34, 68, 35, 62, 65, 30, 28, 38, 44, 39, 8, 67, 26, 24, 60, 45, 13, 19, 27, 25, 2, 42, 16, 59, 52, 17, 1, 54, 7, 18, 56, 22, 49, 46, 37, 41, 31, 40, 20, 33, 32, 51, 9, 64, 50, 43, 29, 57, 48, 21, 36, 5, 23, 14, 55, 3, 6, 61]
137		1787.0948205177906		[63, 10, 66, 47, 53, 59, 4, 0, 15, 58, 12, 69, 34, 68, 35, 62, 65, 30, 28, 38, 44, 39, 8, 67, 26, 24, 60, 45, 13, 19, 27, 25, 2, 42, 16, 11, 52, 17, 1, 54, 7, 18, 56, 22, 49, 46, 37, 41, 31, 40, 20, 33, 32, 51, 9, 64, 50, 43, 29, 57, 48, 21, 36, 5, 23, 14, 55, 3, 6, 61]
138		1780.5962601330432		[63, 10, 66, 47, 53, 32, 4, 0, 15, 58, 12, 69, 34, 68, 35, 62, 65, 30, 28, 38, 44, 39, 8, 67, 26, 24, 60, 45, 13, 19, 27, 25, 2, 42, 16, 11, 52, 17, 1, 54, 7, 18, 56, 22, 49, 46, 37, 41, 31, 40, 20, 33, 59, 51, 9, 64, 50, 43, 29, 57, 48, 21, 36, 5, 23, 14, 55, 3, 6, 61]
139		1776.1352629339815		[63, 10, 66, 47, 53, 55, 4, 0, 15, 58, 12, 69, 34, 68, 35, 62, 65, 30, 28, 38, 44, 39, 8, 67, 26, 24, 60, 45, 13, 19, 27, 25, 2, 42, 16, 11, 52, 17, 1, 54, 7, 18, 56, 22, 49, 46, 37, 41, 31, 40, 20, 33, 59, 51, 9, 64, 50, 43, 29, 57, 48, 21, 36, 5, 23, 14, 32, 3, 6, 61]
140		1759.9656934402146		[63, 10, 66, 47, 53, 9, 4, 0, 15, 58, 12, 69, 34, 68, 35, 62, 65, 30, 28, 38, 44, 39, 8, 67, 26, 24, 60, 45, 13, 19, 27, 25, 2, 42, 16, 11, 52, 17, 1, 54, 7, 18, 56, 22, 49, 46, 37, 41, 31, 40, 20, 33, 59, 51, 55, 64, 50, 43, 29, 57, 48, 21, 36, 5, 23, 14, 32, 3, 6, 61]
141		1758.1290106541007		[63, 10, 66, 47, 51, 9, 4, 0, 15, 58, 12, 69, 34, 68, 35, 62, 65, 30, 28, 38, 44, 39, 8, 67, 26, 24, 60, 45, 13, 19, 27, 25, 2, 42, 16, 11, 52, 17, 1, 54, 7, 18, 56, 22, 49, 46, 37, 41, 31, 40, 20, 33, 59, 53, 55, 64, 50, 43, 29, 57, 48, 21, 36, 5, 23, 14, 32, 3, 6, 61]
142		1753.958922134012		[63, 10, 47, 66, 51, 9, 4, 0, 15, 58, 12, 69, 34, 68, 35, 62, 65, 30, 28, 38, 44, 39, 8, 67, 26, 24, 60, 45, 13, 19, 27, 25, 2, 42, 16, 11, 52, 17, 1, 54, 7, 18, 56, 22, 49, 46, 37, 41, 31, 40, 20, 33, 59, 53, 55, 64, 50, 43, 29, 57, 48, 21, 36, 5, 23, 14, 32, 3, 6, 61]
143		1752.5547813867895		[63, 10, 47, 53, 51, 9, 4, 0, 15, 58, 12, 69, 34, 68, 35, 62, 65, 30, 28, 38, 44, 39, 8, 67, 26, 24, 60, 45, 13, 19, 27, 25, 2, 42, 16, 11, 52, 17, 1, 54, 7, 18, 56, 22, 49, 46, 37, 41, 31, 40, 20, 33, 59, 66, 55, 64, 50, 43, 29, 57, 48, 21, 36, 5, 23, 14, 32, 3, 6, 61]
144		1741.114435505246		[63, 10, 47, 59, 51, 9, 4, 0, 15, 58, 12, 69, 34, 68, 35, 62, 65, 30, 28, 38, 44, 39, 8, 67, 26, 24, 60, 45, 13, 19, 27, 25, 2, 42, 16, 11, 52, 17, 1, 54, 7, 18, 56, 22, 49, 46, 37, 41, 31, 40, 20, 33, 53, 66, 55, 64, 50, 43, 29, 57, 48, 21, 36, 5, 23, 14, 32, 3, 6, 61]
145		1740.6075463575255		[63, 10, 66, 59, 51, 9, 4, 0, 15, 58, 12, 69, 34, 68, 35, 62, 65, 30, 28, 38, 44, 39, 8, 67, 26, 24, 60, 45, 13, 19, 27, 25, 2, 42, 16, 11, 52, 17, 1, 54, 7, 18, 56, 22, 49, 46, 37, 41, 31, 40, 20, 33, 53, 47, 55, 64, 50, 43, 29, 57, 48, 21, 36, 5, 23, 14, 32, 3, 6, 61]
146		1739.4233649133428		[63, 10, 55, 59, 51, 9, 4, 0, 15, 58, 12, 69, 34, 68, 35, 62, 65, 30, 28, 38, 44, 39, 8, 67, 26, 24, 60, 45, 13, 19, 27, 25, 2, 42, 16, 11, 52, 17, 1, 54, 7, 18, 56, 22, 49, 46, 37, 41, 31, 40, 20, 33, 53, 47, 66, 64, 50, 43, 29, 57, 48, 21, 36, 5, 23, 14, 32, 3, 6, 61]
147		1734.772132553175		[63, 64, 55, 59, 51, 9, 4, 0, 15, 58, 12, 69, 34, 68, 35, 62, 65, 30, 28, 38, 44, 39, 8, 67, 26, 24, 60, 45, 13, 19, 27, 25, 2, 42, 16, 11, 52, 17, 1, 54, 7, 18, 56, 22, 49, 46, 37, 41, 31, 40, 20, 33, 53, 47, 66, 10, 50, 43, 29, 57, 48, 21, 36, 5, 23, 14, 32, 3, 6, 61]
148		1727.9135782915769		[63, 64, 50, 59, 51, 9, 4, 0, 15, 58, 12, 69, 34, 68, 35, 62, 65, 30, 28, 38, 44, 39, 8, 67, 26, 24, 60, 45, 13, 19, 27, 25, 2, 42, 16, 11, 52, 17, 1, 54, 7, 18, 56, 22, 49, 46, 37, 41, 31, 40, 20, 33, 53, 47, 66, 10, 55, 43, 29, 57, 48, 21, 36, 5, 23, 14, 32, 3, 6, 61]
149		1725.9729912289017		[63, 64, 50, 57, 51, 9, 4, 0, 15, 58, 12, 69, 34, 68, 35, 62, 65, 30, 28, 38, 44, 39, 8, 67, 26, 24, 60, 45, 13, 19, 27, 25, 2, 42, 16, 11, 52, 17, 1, 54, 7, 18, 56, 22, 49, 46, 37, 41, 31, 40, 20, 33, 53, 47, 66, 10, 55, 43, 29, 59, 48, 21, 36, 5, 23, 14, 32, 3, 6, 61]
150		1715.5029675161259		[63, 64, 50, 4, 51, 9, 57, 0, 15, 58, 12, 69, 34, 68, 35, 62, 65, 30, 28, 38, 44, 39, 8, 67, 26, 24, 60, 45, 13, 19, 27, 25, 2, 42, 16, 11, 52, 17, 1, 54, 7, 18, 56, 22, 49, 46, 37, 41, 31, 40, 20, 33, 53, 47, 66, 10, 55, 43, 29, 59, 48, 21, 36, 5, 23, 14, 32, 3, 6, 61]
151		1707.9444002993007		[63, 64, 50, 51, 4, 9, 57, 0, 15, 58, 12, 69, 34, 68, 35, 62, 65, 30, 28, 38, 44, 39, 8, 67, 26, 24, 60, 45, 13, 19, 27, 25, 2, 42, 16, 11, 52, 17, 1, 54, 7, 18, 56, 22, 49, 46, 37, 41, 31, 40, 20, 33, 53, 47, 66, 10, 55, 43, 29, 59, 48, 21, 36, 5, 23, 14, 32, 3, 6, 61]
152		1702.7561137006735		[63, 64, 50, 32, 4, 9, 57, 0, 15, 58, 12, 69, 34, 68, 35, 62, 65, 30, 28, 38, 44, 39, 8, 67, 26, 24, 60, 45, 13, 19, 27, 25, 2, 42, 16, 11, 52, 17, 1, 54, 7, 18, 56, 22, 49, 46, 37, 41, 31, 40, 20, 33, 53, 47, 66, 10, 55, 43, 29, 59, 48, 21, 36, 5, 23, 14, 51, 3, 6, 61]
153		1697.91493736722		[63, 64, 50, 52, 4, 9, 57, 0, 15, 58, 12, 69, 34, 68, 35, 62, 65, 30, 28, 38, 44, 39, 8, 67, 26, 24, 60, 45, 13, 19, 27, 25, 2, 42, 16, 11, 32, 17, 1, 54, 7, 18, 56, 22, 49, 46, 37, 41, 31, 40, 20, 33, 53, 47, 66, 10, 55, 43, 29, 59, 48, 21, 36, 5, 23, 14, 51, 3, 6, 61]
154		1697.557862588295		[63, 64, 50, 4, 52, 9, 57, 0, 15, 58, 12, 69, 34, 68, 35, 62, 65, 30, 28, 38, 44, 39, 8, 67, 26, 24, 60, 45, 13, 19, 27, 25, 2, 42, 16, 11, 32, 17, 1, 54, 7, 18, 56, 22, 49, 46, 37, 41, 31, 40, 20, 33, 53, 47, 66, 10, 55, 43, 29, 59, 48, 21, 36, 5, 23, 14, 51, 3, 6, 61]
155		1690.9395741581054		[63, 64, 50, 9, 52, 4, 57, 0, 15, 58, 12, 69, 34, 68, 35, 62, 65, 30, 28, 38, 44, 39, 8, 67, 26, 24, 60, 45, 13, 19, 27, 25, 2, 42, 16, 11, 32, 17, 1, 54, 7, 18, 56, 22, 49, 46, 37, 41, 31, 40, 20, 33, 53, 47, 66, 10, 55, 43, 29, 59, 48, 21, 36, 5, 23, 14, 51, 3, 6, 61]
156		1686.3662853838682		[63, 64, 50, 51, 52, 4, 57, 0, 15, 58, 12, 69, 34, 68, 35, 62, 65, 30, 28, 38, 44, 39, 8, 67, 26, 24, 60, 45, 13, 19, 27, 25, 2, 42, 16, 11, 32, 17, 1, 54, 7, 18, 56, 22, 49, 46, 37, 41, 31, 40, 20, 33, 53, 47, 66, 10, 55, 43, 29, 59, 48, 21, 36, 5, 23, 14, 9, 3, 6, 61]
157		1684.3572701725075		[63, 64, 50, 51, 4, 52, 57, 0, 15, 58, 12, 69, 34, 68, 35, 62, 65, 30, 28, 38, 44, 39, 8, 67, 26, 24, 60, 45, 13, 19, 27, 25, 2, 42, 16, 11, 32, 17, 1, 54, 7, 18, 56, 22, 49, 46, 37, 41, 31, 40, 20, 33, 53, 47, 66, 10, 55, 43, 29, 59, 48, 21, 36, 5, 23, 14, 9, 3, 6, 61]
158		1674.1235230740056		[63, 64, 50, 51, 9, 52, 57, 0, 15, 58, 12, 69, 34, 68, 35, 62, 65, 30, 28, 38, 44, 39, 8, 67, 26, 24, 60, 45, 13, 19, 27, 25, 2, 42, 16, 11, 32, 17, 1, 54, 7, 18, 56, 22, 49, 46, 37, 41, 31, 40, 20, 33, 53, 47, 66, 10, 55, 43, 29, 59, 48, 21, 36, 5, 23, 14, 4, 3, 6, 61]
159		1658.7554011764325		[63, 64, 50, 51, 9, 49, 57, 0, 15, 58, 12, 69, 34, 68, 35, 62, 65, 30, 28, 38, 44, 39, 8, 67, 26, 24, 60, 45, 13, 19, 27, 25, 2, 42, 16, 11, 32, 17, 1, 54, 7, 18, 56, 22, 52, 46, 37, 41, 31, 40, 20, 33, 53, 47, 66, 10, 55, 43, 29, 59, 48, 21, 36, 5, 23, 14, 4, 3, 6, 61]
160		1657.499921025657		[63, 64, 50, 51, 9, 49, 36, 0, 15, 58, 12, 69, 34, 68, 35, 62, 65, 30, 28, 38, 44, 39, 8, 67, 26, 24, 60, 45, 13, 19, 27, 25, 2, 42, 16, 11, 32, 17, 1, 54, 7, 18, 56, 22, 52, 46, 37, 41, 31, 40, 20, 33, 53, 47, 66, 10, 55, 43, 29, 59, 48, 21, 57, 5, 23, 14, 4, 3, 6, 61]
161		1646.8728535770044		[63, 64, 50, 51, 9, 49, 36, 15, 0, 58, 12, 69, 34, 68, 35, 62, 65, 30, 28, 38, 44, 39, 8, 67, 26, 24, 60, 45, 13, 19, 27, 25, 2, 42, 16, 11, 32, 17, 1, 54, 7, 18, 56, 22, 52, 46, 37, 41, 31, 40, 20, 33, 53, 47, 66, 10, 55, 43, 29, 59, 48, 21, 57, 5, 23, 14, 4, 3, 6, 61]
162		1646.4627892246558		[63, 64, 50, 51, 9, 49, 36, 15, 62, 58, 12, 69, 34, 68, 35, 0, 65, 30, 28, 38, 44, 39, 8, 67, 26, 24, 60, 45, 13, 19, 27, 25, 2, 42, 16, 11, 32, 17, 1, 54, 7, 18, 56, 22, 52, 46, 37, 41, 31, 40, 20, 33, 53, 47, 66, 10, 55, 43, 29, 59, 48, 21, 57, 5, 23, 14, 4, 3, 6, 61]
163		1621.0007624706361		[63, 64, 50, 51, 9, 49, 36, 65, 62, 58, 12, 69, 34, 68, 35, 0, 15, 30, 28, 38, 44, 39, 8, 67, 26, 24, 60, 45, 13, 19, 27, 25, 2, 42, 16, 11, 32, 17, 1, 54, 7, 18, 56, 22, 52, 46, 37, 41, 31, 40, 20, 33, 53, 47, 66, 10, 55, 43, 29, 59, 48, 21, 57, 5, 23, 14, 4, 3, 6, 61]
164		1599.3023137746463		[63, 64, 50, 51, 9, 49, 52, 65, 62, 58, 12, 69, 34, 68, 35, 0, 15, 30, 28, 38, 44, 39, 8, 67, 26, 24, 60, 45, 13, 19, 27, 25, 2, 42, 16, 11, 32, 17, 1, 54, 7, 18, 56, 22, 36, 46, 37, 41, 31, 40, 20, 33, 53, 47, 66, 10, 55, 43, 29, 59, 48, 21, 57, 5, 23, 14, 4, 3, 6, 61]
165		1597.5086153753305		[63, 64, 50, 49, 9, 51, 52, 65, 62, 58, 12, 69, 34, 68, 35, 0, 15, 30, 28, 38, 44, 39, 8, 67, 26, 24, 60, 45, 13, 19, 27, 25, 2, 42, 16, 11, 32, 17, 1, 54, 7, 18, 56, 22, 36, 46, 37, 41, 31, 40, 20, 33, 53, 47, 66, 10, 55, 43, 29, 59, 48, 21, 57, 5, 23, 14, 4, 3, 6, 61]
166		1596.6362630659871		[63, 64, 50, 49, 51, 9, 52, 65, 62, 58, 12, 69, 34, 68, 35, 0, 15, 30, 28, 38, 44, 39, 8, 67, 26, 24, 60, 45, 13, 19, 27, 25, 2, 42, 16, 11, 32, 17, 1, 54, 7, 18, 56, 22, 36, 46, 37, 41, 31, 40, 20, 33, 53, 47, 66, 10, 55, 43, 29, 59, 48, 21, 57, 5, 23, 14, 4, 3, 6, 61]
167		1593.9903756023623		[63, 64, 50, 49, 51, 9, 21, 65, 62, 58, 12, 69, 34, 68, 35, 0, 15, 30, 28, 38, 44, 39, 8, 67, 26, 24, 60, 45, 13, 19, 27, 25, 2, 42, 16, 11, 32, 17, 1, 54, 7, 18, 56, 22, 36, 46, 37, 41, 31, 40, 20, 33, 53, 47, 66, 10, 55, 43, 29, 59, 48, 52, 57, 5, 23, 14, 4, 3, 6, 61]
168		1588.7329619393322		[63, 64, 50, 49, 57, 9, 21, 65, 62, 58, 12, 69, 34, 68, 35, 0, 15, 30, 28, 38, 44, 39, 8, 67, 26, 24, 60, 45, 13, 19, 27, 25, 2, 42, 16, 11, 32, 17, 1, 54, 7, 18, 56, 22, 36, 46, 37, 41, 31, 40, 20, 33, 53, 47, 66, 10, 55, 43, 29, 59, 48, 52, 51, 5, 23, 14, 4, 3, 6, 61]
169		1583.454331956618		[63, 64, 50, 49, 9, 57, 21, 65, 62, 58, 12, 69, 34, 68, 35, 0, 15, 30, 28, 38, 44, 39, 8, 67, 26, 24, 60, 45, 13, 19, 27, 25, 2, 42, 16, 11, 32, 17, 1, 54, 7, 18, 56, 22, 36, 46, 37, 41, 31, 40, 20, 33, 53, 47, 66, 10, 55, 43, 29, 59, 48, 52, 51, 5, 23, 14, 4, 3, 6, 61]
170		1579.753766054179		[63, 64, 50, 9, 49, 57, 21, 65, 62, 58, 12, 69, 34, 68, 35, 0, 15, 30, 28, 38, 44, 39, 8, 67, 26, 24, 60, 45, 13, 19, 27, 25, 2, 42, 16, 11, 32, 17, 1, 54, 7, 18, 56, 22, 36, 46, 37, 41, 31, 40, 20, 33, 53, 47, 66, 10, 55, 43, 29, 59, 48, 52, 51, 5, 23, 14, 4, 3, 6, 61]
171		1575.7625178255184		[63, 64, 50, 51, 49, 57, 21, 65, 62, 58, 12, 69, 34, 68, 35, 0, 15, 30, 28, 38, 44, 39, 8, 67, 26, 24, 60, 45, 13, 19, 27, 25, 2, 42, 16, 11, 32, 17, 1, 54, 7, 18, 56, 22, 36, 46, 37, 41, 31, 40, 20, 33, 53, 47, 66, 10, 55, 43, 29, 59, 48, 52, 9, 5, 23, 14, 4, 3, 6, 61]
172		1575.5342790022178		[63, 64, 50, 51, 49, 22, 21, 65, 62, 58, 12, 69, 34, 68, 35, 0, 15, 30, 28, 38, 44, 39, 8, 67, 26, 24, 60, 45, 13, 19, 27, 25, 2, 42, 16, 11, 32, 17, 1, 54, 7, 18, 56, 57, 36, 46, 37, 41, 31, 40, 20, 33, 53, 47, 66, 10, 55, 43, 29, 59, 48, 52, 9, 5, 23, 14, 4, 3, 6, 61]
173		1567.2723199014417		[63, 64, 50, 51, 49, 15, 21, 65, 62, 58, 12, 69, 34, 68, 35, 0, 22, 30, 28, 38, 44, 39, 8, 67, 26, 24, 60, 45, 13, 19, 27, 25, 2, 42, 16, 11, 32, 17, 1, 54, 7, 18, 56, 57, 36, 46, 37, 41, 31, 40, 20, 33, 53, 47, 66, 10, 55, 43, 29, 59, 48, 52, 9, 5, 23, 14, 4, 3, 6, 61]
174		1566.86390274453		[63, 64, 50, 51, 49, 57, 21, 65, 62, 58, 12, 69, 34, 68, 35, 0, 22, 30, 28, 38, 44, 39, 8, 67, 26, 24, 60, 45, 13, 19, 27, 25, 2, 42, 16, 11, 32, 17, 1, 54, 7, 18, 56, 15, 36, 46, 37, 41, 31, 40, 20, 33, 53, 47, 66, 10, 55, 43, 29, 59, 48, 52, 9, 5, 23, 14, 4, 3, 6, 61]
175		1565.4488290878785		[63, 64, 50, 51, 49, 37, 21, 65, 62, 58, 12, 69, 34, 68, 35, 0, 22, 30, 28, 38, 44, 39, 8, 67, 26, 24, 60, 45, 13, 19, 27, 25, 2, 42, 16, 11, 32, 17, 1, 54, 7, 18, 56, 15, 36, 46, 57, 41, 31, 40, 20, 33, 53, 47, 66, 10, 55, 43, 29, 59, 48, 52, 9, 5, 23, 14, 4, 3, 6, 61]
176		1564.077465756542		[63, 64, 50, 51, 46, 37, 21, 65, 62, 58, 12, 69, 34, 68, 35, 0, 22, 30, 28, 38, 44, 39, 8, 67, 26, 24, 60, 45, 13, 19, 27, 25, 2, 42, 16, 11, 32, 17, 1, 54, 7, 18, 56, 15, 36, 49, 57, 41, 31, 40, 20, 33, 53, 47, 66, 10, 55, 43, 29, 59, 48, 52, 9, 5, 23, 14, 4, 3, 6, 61]
177		1544.8740842740044		[63, 64, 50, 57, 46, 37, 21, 65, 62, 58, 12, 69, 34, 68, 35, 0, 22, 30, 28, 38, 44, 39, 8, 67, 26, 24, 60, 45, 13, 19, 27, 25, 2, 42, 16, 11, 32, 17, 1, 54, 7, 18, 56, 15, 36, 49, 51, 41, 31, 40, 20, 33, 53, 47, 66, 10, 55, 43, 29, 59, 48, 52, 9, 5, 23, 14, 4, 3, 6, 61]
178		1543.0226328393715		[63, 64, 50, 15, 46, 37, 21, 65, 62, 58, 12, 69, 34, 68, 35, 0, 22, 30, 28, 38, 44, 39, 8, 67, 26, 24, 60, 45, 13, 19, 27, 25, 2, 42, 16, 11, 32, 17, 1, 54, 7, 18, 56, 57, 36, 49, 51, 41, 31, 40, 20, 33, 53, 47, 66, 10, 55, 43, 29, 59, 48, 52, 9, 5, 23, 14, 4, 3, 6, 61]
179		1541.2966435544586		[63, 64, 50, 15, 46, 37, 21, 65, 62, 28, 12, 69, 34, 68, 35, 0, 22, 30, 58, 38, 44, 39, 8, 67, 26, 24, 60, 45, 13, 19, 27, 25, 2, 42, 16, 11, 32, 17, 1, 54, 7, 18, 56, 57, 36, 49, 51, 41, 31, 40, 20, 33, 53, 47, 66, 10, 55, 43, 29, 59, 48, 52, 9, 5, 23, 14, 4, 3, 6, 61]
180		1540.7185841341766		[63, 64, 50, 15, 46, 37, 21, 58, 62, 28, 12, 69, 34, 68, 35, 0, 22, 30, 65, 38, 44, 39, 8, 67, 26, 24, 60, 45, 13, 19, 27, 25, 2, 42, 16, 11, 32, 17, 1, 54, 7, 18, 56, 57, 36, 49, 51, 41, 31, 40, 20, 33, 53, 47, 66, 10, 55, 43, 29, 59, 48, 52, 9, 5, 23, 14, 4, 3, 6, 61]
181		1536.0482277983199		[63, 64, 50, 15, 46, 62, 21, 58, 37, 28, 12, 69, 34, 68, 35, 0, 22, 30, 65, 38, 44, 39, 8, 67, 26, 24, 60, 45, 13, 19, 27, 25, 2, 42, 16, 11, 32, 17, 1, 54, 7, 18, 56, 57, 36, 49, 51, 41, 31, 40, 20, 33, 53, 47, 66, 10, 55, 43, 29, 59, 48, 52, 9, 5, 23, 14, 4, 3, 6, 61]
182		1532.3681630754672		[63, 64, 50, 15, 46, 21, 62, 58, 37, 28, 12, 69, 34, 68, 35, 0, 22, 30, 65, 38, 44, 39, 8, 67, 26, 24, 60, 45, 13, 19, 27, 25, 2, 42, 16, 11, 32, 17, 1, 54, 7, 18, 56, 57, 36, 49, 51, 41, 31, 40, 20, 33, 53, 47, 66, 10, 55, 43, 29, 59, 48, 52, 9, 5, 23, 14, 4, 3, 6, 61]
183		1531.6172799259941		[63, 64, 50, 15, 46, 4, 62, 58, 37, 28, 12, 69, 34, 68, 35, 0, 22, 30, 65, 38, 44, 39, 8, 67, 26, 24, 60, 45, 13, 19, 27, 25, 2, 42, 16, 11, 32, 17, 1, 54, 7, 18, 56, 57, 36, 49, 51, 41, 31, 40, 20, 33, 53, 47, 66, 10, 55, 43, 29, 59, 48, 52, 9, 5, 23, 14, 21, 3, 6, 61]
184		1520.243253549003		[63, 64, 50, 4, 46, 15, 62, 58, 37, 28, 12, 69, 34, 68, 35, 0, 22, 30, 65, 38, 44, 39, 8, 67, 26, 24, 60, 45, 13, 19, 27, 25, 2, 42, 16, 11, 32, 17, 1, 54, 7, 18, 56, 57, 36, 49, 51, 41, 31, 40, 20, 33, 53, 47, 66, 10, 55, 43, 29, 59, 48, 52, 9, 5, 23, 14, 21, 3, 6, 61]
185		1519.2275585431353		[63, 64, 50, 57, 46, 15, 62, 58, 37, 28, 12, 69, 34, 68, 35, 0, 22, 30, 65, 38, 44, 39, 8, 67, 26, 24, 60, 45, 13, 19, 27, 25, 2, 42, 16, 11, 32, 17, 1, 54, 7, 18, 56, 4, 36, 49, 51, 41, 31, 40, 20, 33, 53, 47, 66, 10, 55, 43, 29, 59, 48, 52, 9, 5, 23, 14, 21, 3, 6, 61]
186		1517.5772424944248		[63, 64, 50, 36, 46, 15, 62, 58, 37, 28, 12, 69, 34, 68, 35, 0, 22, 30, 65, 38, 44, 39, 8, 67, 26, 24, 60, 45, 13, 19, 27, 25, 2, 42, 16, 11, 32, 17, 1, 54, 7, 18, 56, 4, 57, 49, 51, 41, 31, 40, 20, 33, 53, 47, 66, 10, 55, 43, 29, 59, 48, 52, 9, 5, 23, 14, 21, 3, 6, 61]
187		1514.8139611956683		[63, 64, 50, 36, 15, 46, 62, 58, 37, 28, 12, 69, 34, 68, 35, 0, 22, 30, 65, 38, 44, 39, 8, 67, 26, 24, 60, 45, 13, 19, 27, 25, 2, 42, 16, 11, 32, 17, 1, 54, 7, 18, 56, 4, 57, 49, 51, 41, 31, 40, 20, 33, 53, 47, 66, 10, 55, 43, 29, 59, 48, 52, 9, 5, 23, 14, 21, 3, 6, 61]
188		1508.9028523912766		[63, 64, 50, 36, 15, 46, 30, 58, 37, 28, 12, 69, 34, 68, 35, 0, 22, 62, 65, 38, 44, 39, 8, 67, 26, 24, 60, 45, 13, 19, 27, 25, 2, 42, 16, 11, 32, 17, 1, 54, 7, 18, 56, 4, 57, 49, 51, 41, 31, 40, 20, 33, 53, 47, 66, 10, 55, 43, 29, 59, 48, 52, 9, 5, 23, 14, 21, 3, 6, 61]
189		1508.0518802188026		[63, 64, 50, 36, 46, 15, 30, 58, 37, 28, 12, 69, 34, 68, 35, 0, 22, 62, 65, 38, 44, 39, 8, 67, 26, 24, 60, 45, 13, 19, 27, 25, 2, 42, 16, 11, 32, 17, 1, 54, 7, 18, 56, 4, 57, 49, 51, 41, 31, 40, 20, 33, 53, 47, 66, 10, 55, 43, 29, 59, 48, 52, 9, 5, 23, 14, 21, 3, 6, 61]
190		1497.3332223635498		[63, 64, 50, 36, 46, 15, 37, 58, 30, 28, 12, 69, 34, 68, 35, 0, 22, 62, 65, 38, 44, 39, 8, 67, 26, 24, 60, 45, 13, 19, 27, 25, 2, 42, 16, 11, 32, 17, 1, 54, 7, 18, 56, 4, 57, 49, 51, 41, 31, 40, 20, 33, 53, 47, 66, 10, 55, 43, 29, 59, 48, 52, 9, 5, 23, 14, 21, 3, 6, 61]
191		1496.0497668297555		[63, 64, 50, 36, 15, 46, 37, 58, 30, 28, 12, 69, 34, 68, 35, 0, 22, 62, 65, 38, 44, 39, 8, 67, 26, 24, 60, 45, 13, 19, 27, 25, 2, 42, 16, 11, 32, 17, 1, 54, 7, 18, 56, 4, 57, 49, 51, 41, 31, 40, 20, 33, 53, 47, 66, 10, 55, 43, 29, 59, 48, 52, 9, 5, 23, 14, 21, 3, 6, 61]
192		1495.7491672512776		[63, 64, 50, 36, 15, 46, 37, 58, 34, 28, 12, 69, 30, 68, 35, 0, 22, 62, 65, 38, 44, 39, 8, 67, 26, 24, 60, 45, 13, 19, 27, 25, 2, 42, 16, 11, 32, 17, 1, 54, 7, 18, 56, 4, 57, 49, 51, 41, 31, 40, 20, 33, 53, 47, 66, 10, 55, 43, 29, 59, 48, 52, 9, 5, 23, 14, 21, 3, 6, 61]
193		1494.664074080205		[63, 64, 50, 36, 15, 46, 37, 58, 34, 12, 28, 69, 30, 68, 35, 0, 22, 62, 65, 38, 44, 39, 8, 67, 26, 24, 60, 45, 13, 19, 27, 25, 2, 42, 16, 11, 32, 17, 1, 54, 7, 18, 56, 4, 57, 49, 51, 41, 31, 40, 20, 33, 53, 47, 66, 10, 55, 43, 29, 59, 48, 52, 9, 5, 23, 14, 21, 3, 6, 61]
194		1494.1709632079833		[63, 64, 50, 36, 15, 46, 37, 58, 30, 12, 28, 69, 34, 68, 35, 0, 22, 62, 65, 38, 44, 39, 8, 67, 26, 24, 60, 45, 13, 19, 27, 25, 2, 42, 16, 11, 32, 17, 1, 54, 7, 18, 56, 4, 57, 49, 51, 41, 31, 40, 20, 33, 53, 47, 66, 10, 55, 43, 29, 59, 48, 52, 9, 5, 23, 14, 21, 3, 6, 61]
195		1493.6192966304068		[63, 64, 50, 36, 15, 46, 37, 58, 68, 12, 28, 69, 34, 30, 35, 0, 22, 62, 65, 38, 44, 39, 8, 67, 26, 24, 60, 45, 13, 19, 27, 25, 2, 42, 16, 11, 32, 17, 1, 54, 7, 18, 56, 4, 57, 49, 51, 41, 31, 40, 20, 33, 53, 47, 66, 10, 55, 43, 29, 59, 48, 52, 9, 5, 23, 14, 21, 3, 6, 61]
196		1492.5683569949488		[63, 64, 50, 36, 15, 46, 37, 58, 68, 30, 28, 69, 34, 12, 35, 0, 22, 62, 65, 38, 44, 39, 8, 67, 26, 24, 60, 45, 13, 19, 27, 25, 2, 42, 16, 11, 32, 17, 1, 54, 7, 18, 56, 4, 57, 49, 51, 41, 31, 40, 20, 33, 53, 47, 66, 10, 55, 43, 29, 59, 48, 52, 9, 5, 23, 14, 21, 3, 6, 61]
197		1482.4824445046668		[63, 64, 50, 36, 15, 46, 37, 58, 68, 30, 34, 69, 28, 12, 35, 0, 22, 62, 65, 38, 44, 39, 8, 67, 26, 24, 60, 45, 13, 19, 27, 25, 2, 42, 16, 11, 32, 17, 1, 54, 7, 18, 56, 4, 57, 49, 51, 41, 31, 40, 20, 33, 53, 47, 66, 10, 55, 43, 29, 59, 48, 52, 9, 5, 23, 14, 21, 3, 6, 61]
198		1481.851640988193		[63, 64, 50, 36, 15, 46, 37, 58, 68, 30, 34, 69, 12, 28, 35, 0, 22, 62, 65, 38, 44, 39, 8, 67, 26, 24, 60, 45, 13, 19, 27, 25, 2, 42, 16, 11, 32, 17, 1, 54, 7, 18, 56, 4, 57, 49, 51, 41, 31, 40, 20, 33, 53, 47, 66, 10, 55, 43, 29, 59, 48, 52, 9, 5, 23, 14, 21, 3, 6, 61]
199		1471.5855760399243		[63, 64, 50, 36, 15, 46, 37, 58, 68, 30, 34, 69, 12, 28, 35, 0, 22, 21, 65, 38, 44, 39, 8, 67, 26, 24, 60, 45, 13, 19, 27, 25, 2, 42, 16, 11, 32, 17, 1, 54, 7, 18, 56, 4, 57, 49, 51, 41, 31, 40, 20, 33, 53, 47, 66, 10, 55, 43, 29, 59, 48, 52, 9, 5, 23, 14, 62, 3, 6, 61]
200		1464.7461759116638		[63, 64, 50, 36, 15, 46, 37, 58, 68, 30, 34, 69, 12, 28, 35, 0, 22, 21, 4, 38, 44, 39, 8, 67, 26, 24, 60, 45, 13, 19, 27, 25, 2, 42, 16, 11, 32, 17, 1, 54, 7, 18, 56, 65, 57, 49, 51, 41, 31, 40, 20, 33, 53, 47, 66, 10, 55, 43, 29, 59, 48, 52, 9, 5, 23, 14, 62, 3, 6, 61]
201		1459.3835220410865		[63, 64, 50, 36, 15, 21, 37, 58, 68, 30, 34, 69, 12, 28, 35, 0, 22, 46, 4, 38, 44, 39, 8, 67, 26, 24, 60, 45, 13, 19, 27, 25, 2, 42, 16, 11, 32, 17, 1, 54, 7, 18, 56, 65, 57, 49, 51, 41, 31, 40, 20, 33, 53, 47, 66, 10, 55, 43, 29, 59, 48, 52, 9, 5, 23, 14, 62, 3, 6, 61]
202		1454.963412266132		[63, 64, 50, 36, 22, 21, 37, 58, 68, 30, 34, 69, 12, 28, 35, 0, 15, 46, 4, 38, 44, 39, 8, 67, 26, 24, 60, 45, 13, 19, 27, 25, 2, 42, 16, 11, 32, 17, 1, 54, 7, 18, 56, 65, 57, 49, 51, 41, 31, 40, 20, 33, 53, 47, 66, 10, 55, 43, 29, 59, 48, 52, 9, 5, 23, 14, 62, 3, 6, 61]
203		1446.1214046132695		[63, 64, 50, 36, 22, 37, 21, 58, 68, 30, 34, 69, 12, 28, 35, 0, 15, 46, 4, 38, 44, 39, 8, 67, 26, 24, 60, 45, 13, 19, 27, 25, 2, 42, 16, 11, 32, 17, 1, 54, 7, 18, 56, 65, 57, 49, 51, 41, 31, 40, 20, 33, 53, 47, 66, 10, 55, 43, 29, 59, 48, 52, 9, 5, 23, 14, 62, 3, 6, 61]
204		1441.2627149678513		[63, 64, 50, 36, 22, 37, 21, 58, 68, 30, 34, 69, 12, 28, 35, 0, 15, 46, 51, 38, 44, 39, 8, 67, 26, 24, 60, 45, 13, 19, 27, 25, 2, 42, 16, 11, 32, 17, 1, 54, 7, 18, 56, 65, 57, 49, 4, 41, 31, 40, 20, 33, 53, 47, 66, 10, 55, 43, 29, 59, 48, 52, 9, 5, 23, 14, 62, 3, 6, 61]
205		1439.4811430753587		[63, 64, 50, 46, 22, 37, 21, 58, 68, 30, 34, 69, 12, 28, 35, 0, 15, 36, 51, 38, 44, 39, 8, 67, 26, 24, 60, 45, 13, 19, 27, 25, 2, 42, 16, 11, 32, 17, 1, 54, 7, 18, 56, 65, 57, 49, 4, 41, 31, 40, 20, 33, 53, 47, 66, 10, 55, 43, 29, 59, 48, 52, 9, 5, 23, 14, 62, 3, 6, 61]
206		1436.444574228317		[63, 64, 50, 46, 22, 37, 21, 58, 68, 30, 34, 69, 12, 28, 35, 0, 15, 49, 51, 38, 44, 39, 8, 67, 26, 24, 60, 45, 13, 19, 27, 25, 2, 42, 16, 11, 32, 17, 1, 54, 7, 18, 56, 65, 57, 36, 4, 41, 31, 40, 20, 33, 53, 47, 66, 10, 55, 43, 29, 59, 48, 52, 9, 5, 23, 14, 62, 3, 6, 61]
207		1432.2371525079845		[63, 64, 50, 46, 22, 37, 21, 58, 68, 30, 34, 69, 12, 28, 35, 0, 15, 49, 32, 38, 44, 39, 8, 67, 26, 24, 60, 45, 13, 19, 27, 25, 2, 42, 16, 11, 51, 17, 1, 54, 7, 18, 56, 65, 57, 36, 4, 41, 31, 40, 20, 33, 53, 47, 66, 10, 55, 43, 29, 59, 48, 52, 9, 5, 23, 14, 62, 3, 6, 61]
208		1425.9933723197778		[63, 64, 50, 46, 22, 37, 21, 58, 68, 30, 34, 69, 12, 28, 35, 0, 15, 49, 61, 38, 44, 39, 8, 67, 26, 24, 60, 45, 13, 19, 27, 25, 2, 42, 16, 11, 51, 17, 1, 54, 7, 18, 56, 65, 57, 36, 4, 41, 31, 40, 20, 33, 53, 47, 66, 10, 55, 43, 29, 59, 48, 52, 9, 5, 23, 14, 62, 3, 6, 32]
209		1419.6915959481616		[63, 64, 50, 46, 22, 37, 21, 58, 68, 30, 34, 69, 12, 28, 35, 0, 15, 32, 61, 38, 44, 39, 8, 67, 26, 24, 60, 45, 13, 19, 27, 25, 2, 42, 16, 11, 51, 17, 1, 54, 7, 18, 56, 65, 57, 36, 4, 41, 31, 40, 20, 33, 53, 47, 66, 10, 55, 43, 29, 59, 48, 52, 9, 5, 23, 14, 62, 3, 6, 49]
210		1418.5815452640325		[63, 64, 50, 49, 22, 37, 21, 58, 68, 30, 34, 69, 12, 28, 35, 0, 15, 32, 61, 38, 44, 39, 8, 67, 26, 24, 60, 45, 13, 19, 27, 25, 2, 42, 16, 11, 51, 17, 1, 54, 7, 18, 56, 65, 57, 36, 4, 41, 31, 40, 20, 33, 53, 47, 66, 10, 55, 43, 29, 59, 48, 52, 9, 5, 23, 14, 62, 3, 6, 46]
211		1415.8542903841176		[63, 64, 50, 49, 46, 37, 21, 58, 68, 30, 34, 69, 12, 28, 35, 0, 15, 32, 61, 38, 44, 39, 8, 67, 26, 24, 60, 45, 13, 19, 27, 25, 2, 42, 16, 11, 51, 17, 1, 54, 7, 18, 56, 65, 57, 36, 4, 41, 31, 40, 20, 33, 53, 47, 66, 10, 55, 43, 29, 59, 48, 52, 9, 5, 23, 14, 62, 3, 6, 22]
212		1408.90360034229		[63, 64, 50, 49, 46, 22, 21, 58, 68, 30, 34, 69, 12, 28, 35, 0, 15, 32, 61, 38, 44, 39, 8, 67, 26, 24, 60, 45, 13, 19, 27, 25, 2, 42, 16, 11, 51, 17, 1, 54, 7, 18, 56, 65, 57, 36, 4, 41, 31, 40, 20, 33, 53, 47, 66, 10, 55, 43, 29, 59, 48, 52, 9, 5, 23, 14, 62, 3, 6, 37]
213		1395.9579637922966		[63, 64, 50, 49, 46, 22, 37, 58, 68, 30, 34, 69, 12, 28, 35, 0, 15, 32, 61, 38, 44, 39, 8, 67, 26, 24, 60, 45, 13, 19, 27, 25, 2, 42, 16, 11, 51, 17, 1, 54, 7, 18, 56, 65, 57, 36, 4, 41, 31, 40, 20, 33, 53, 47, 66, 10, 55, 43, 29, 59, 48, 52, 9, 5, 23, 14, 62, 3, 6, 21]
214		1395.42249765812		[63, 64, 50, 49, 46, 22, 37, 58, 68, 30, 34, 69, 12, 28, 35, 0, 15, 32, 61, 60, 44, 39, 8, 67, 26, 24, 38, 45, 13, 19, 27, 25, 2, 42, 16, 11, 51, 17, 1, 54, 7, 18, 56, 65, 57, 36, 4, 41, 31, 40, 20, 33, 53, 47, 66, 10, 55, 43, 29, 59, 48, 52, 9, 5, 23, 14, 62, 3, 6, 21]
215		1387.0928457097102		[63, 64, 50, 49, 46, 22, 37, 58, 68, 30, 34, 69, 12, 28, 35, 0, 15, 32, 61, 60, 38, 39, 8, 67, 26, 24, 44, 45, 13, 19, 27, 25, 2, 42, 16, 11, 51, 17, 1, 54, 7, 18, 56, 65, 57, 36, 4, 41, 31, 40, 20, 33, 53, 47, 66, 10, 55, 43, 29, 59, 48, 52, 9, 5, 23, 14, 62, 3, 6, 21]
216		1380.2815122453767		[63, 64, 50, 49, 46, 22, 37, 58, 68, 30, 34, 69, 12, 28, 35, 0, 15, 32, 61, 38, 60, 39, 8, 67, 26, 24, 44, 45, 13, 19, 27, 25, 2, 42, 16, 11, 51, 17, 1, 54, 7, 18, 56, 65, 57, 36, 4, 41, 31, 40, 20, 33, 53, 47, 66, 10, 55, 43, 29, 59, 48, 52, 9, 5, 23, 14, 62, 3, 6, 21]
217		1367.8693400455668		[63, 64, 50, 49, 46, 22, 37, 58, 68, 30, 34, 69, 12, 28, 35, 0, 15, 32, 61, 38, 60, 39, 8, 45, 26, 24, 44, 67, 13, 19, 27, 25, 2, 42, 16, 11, 51, 17, 1, 54, 7, 18, 56, 65, 57, 36, 4, 41, 31, 40, 20, 33, 53, 47, 66, 10, 55, 43, 29, 59, 48, 52, 9, 5, 23, 14, 62, 3, 6, 21]
218		1365.1399845733881		[63, 64, 50, 49, 46, 22, 37, 58, 68, 30, 34, 69, 12, 28, 35, 0, 15, 32, 61, 38, 60, 39, 44, 45, 26, 24, 8, 67, 13, 19, 27, 25, 2, 42, 16, 11, 51, 17, 1, 54, 7, 18, 56, 65, 57, 36, 4, 41, 31, 40, 20, 33, 53, 47, 66, 10, 55, 43, 29, 59, 48, 52, 9, 5, 23, 14, 62, 3, 6, 21]
219		1358.1385554406247		[63, 64, 50, 49, 46, 22, 37, 58, 68, 30, 34, 69, 12, 28, 35, 0, 15, 32, 61, 38, 24, 39, 44, 45, 26, 60, 8, 67, 13, 19, 27, 25, 2, 42, 16, 11, 51, 17, 1, 54, 7, 18, 56, 65, 57, 36, 4, 41, 31, 40, 20, 33, 53, 47, 66, 10, 55, 43, 29, 59, 48, 52, 9, 5, 23, 14, 62, 3, 6, 21]
220		1357.376078675768		[63, 64, 50, 49, 46, 22, 37, 58, 68, 30, 34, 69, 12, 28, 35, 0, 15, 32, 61, 38, 39, 24, 44, 45, 26, 60, 8, 67, 13, 19, 27, 25, 2, 42, 16, 11, 51, 17, 1, 54, 7, 18, 56, 65, 57, 36, 4, 41, 31, 40, 20, 33, 53, 47, 66, 10, 55, 43, 29, 59, 48, 52, 9, 5, 23, 14, 62, 3, 6, 21]
221		1356.0661537955375		[63, 64, 50, 49, 46, 22, 37, 58, 68, 30, 34, 69, 12, 28, 35, 0, 15, 32, 61, 39, 38, 24, 44, 45, 26, 60, 8, 67, 13, 19, 27, 25, 2, 42, 16, 11, 51, 17, 1, 54, 7, 18, 56, 65, 57, 36, 4, 41, 31, 40, 20, 33, 53, 47, 66, 10, 55, 43, 29, 59, 48, 52, 9, 5, 23, 14, 62, 3, 6, 21]
222		1341.7775281297522		[63, 64, 50, 49, 46, 22, 37, 58, 68, 30, 34, 69, 12, 28, 35, 0, 15, 32, 61, 60, 38, 24, 44, 45, 26, 39, 8, 67, 13, 19, 27, 25, 2, 42, 16, 11, 51, 17, 1, 54, 7, 18, 56, 65, 57, 36, 4, 41, 31, 40, 20, 33, 53, 47, 66, 10, 55, 43, 29, 59, 48, 52, 9, 5, 23, 14, 62, 3, 6, 21]
223		1341.329154900543		[63, 64, 50, 49, 46, 22, 37, 58, 68, 30, 34, 69, 12, 28, 35, 0, 15, 32, 61, 60, 38, 24, 44, 45, 26, 39, 8, 43, 13, 19, 27, 25, 2, 42, 16, 11, 51, 17, 1, 54, 7, 18, 56, 65, 57, 36, 4, 41, 31, 40, 20, 33, 53, 47, 66, 10, 55, 67, 29, 59, 48, 52, 9, 5, 23, 14, 62, 3, 6, 21]
224		1336.302241071733		[63, 64, 50, 49, 46, 22, 37, 58, 68, 30, 34, 69, 12, 28, 35, 0, 15, 32, 61, 60, 38, 24, 44, 45, 26, 39, 29, 43, 13, 19, 27, 25, 2, 42, 16, 11, 51, 17, 1, 54, 7, 18, 56, 65, 57, 36, 4, 41, 31, 40, 20, 33, 53, 47, 66, 10, 55, 67, 8, 59, 48, 52, 9, 5, 23, 14, 62, 3, 6, 21]
225		1322.4596119087423		[63, 64, 50, 49, 46, 22, 37, 58, 68, 30, 34, 69, 12, 28, 35, 0, 15, 32, 61, 60, 38, 24, 44, 39, 26, 45, 29, 43, 13, 19, 27, 25, 2, 42, 16, 11, 51, 17, 1, 54, 7, 18, 56, 65, 57, 36, 4, 41, 31, 40, 20, 33, 53, 47, 66, 10, 55, 67, 8, 59, 48, 52, 9, 5, 23, 14, 62, 3, 6, 21]
226		1318.5777036464715		[63, 64, 50, 49, 46, 22, 37, 58, 68, 30, 34, 69, 12, 28, 35, 0, 15, 32, 61, 60, 38, 24, 44, 39, 45, 26, 29, 43, 13, 19, 27, 25, 2, 42, 16, 11, 51, 17, 1, 54, 7, 18, 56, 65, 57, 36, 4, 41, 31, 40, 20, 33, 53, 47, 66, 10, 55, 67, 8, 59, 48, 52, 9, 5, 23, 14, 62, 3, 6, 21]
227		1311.31264281929		[63, 64, 50, 49, 46, 22, 37, 58, 68, 30, 34, 69, 12, 28, 35, 0, 15, 32, 61, 60, 38, 24, 44, 39, 45, 26, 43, 29, 13, 19, 27, 25, 2, 42, 16, 11, 51, 17, 1, 54, 7, 18, 56, 65, 57, 36, 4, 41, 31, 40, 20, 33, 53, 47, 66, 10, 55, 67, 8, 59, 48, 52, 9, 5, 23, 14, 62, 3, 6, 21]
228		1310.608478440337		[63, 64, 50, 49, 46, 22, 37, 58, 68, 30, 34, 69, 12, 28, 35, 0, 15, 32, 61, 60, 38, 24, 44, 39, 45, 67, 43, 29, 13, 19, 27, 25, 2, 42, 16, 11, 51, 17, 1, 54, 7, 18, 56, 65, 57, 36, 4, 41, 31, 40, 20, 33, 53, 47, 66, 10, 55, 26, 8, 59, 48, 52, 9, 5, 23, 14, 62, 3, 6, 21]
229		1298.9207366215696		[63, 64, 50, 49, 46, 22, 37, 58, 68, 30, 34, 69, 12, 28, 35, 0, 15, 32, 61, 60, 38, 24, 44, 26, 45, 67, 43, 29, 13, 19, 27, 25, 2, 42, 16, 11, 51, 17, 1, 54, 7, 18, 56, 65, 57, 36, 4, 41, 31, 40, 20, 33, 53, 47, 66, 10, 55, 39, 8, 59, 48, 52, 9, 5, 23, 14, 62, 3, 6, 21]
230		1293.945497873367		[63, 64, 50, 49, 46, 22, 37, 58, 68, 30, 34, 69, 12, 28, 35, 0, 15, 32, 39, 60, 38, 24, 44, 26, 45, 67, 43, 29, 13, 19, 27, 25, 2, 42, 16, 11, 51, 17, 1, 54, 7, 18, 56, 65, 57, 36, 4, 41, 31, 40, 20, 33, 53, 47, 66, 10, 55, 61, 8, 59, 48, 52, 9, 5, 23, 14, 62, 3, 6, 21]
231		1293.6323470048037		[63, 64, 50, 49, 46, 22, 37, 58, 68, 30, 34, 69, 12, 28, 35, 0, 15, 51, 39, 60, 38, 24, 44, 26, 45, 67, 43, 29, 13, 19, 27, 25, 2, 42, 16, 11, 32, 17, 1, 54, 7, 18, 56, 65, 57, 36, 4, 41, 31, 40, 20, 33, 53, 47, 66, 10, 55, 61, 8, 59, 48, 52, 9, 5, 23, 14, 62, 3, 6, 21]
232		1271.1801885984028		[63, 64, 50, 49, 46, 22, 37, 58, 68, 30, 34, 69, 12, 28, 35, 0, 15, 8, 39, 60, 38, 24, 44, 26, 45, 67, 43, 29, 13, 19, 27, 25, 2, 42, 16, 11, 32, 17, 1, 54, 7, 18, 56, 65, 57, 36, 4, 41, 31, 40, 20, 33, 53, 47, 66, 10, 55, 61, 51, 59, 48, 52, 9, 5, 23, 14, 62, 3, 6, 21]
233		1268.295152535154		[63, 64, 50, 49, 46, 22, 37, 58, 68, 30, 34, 69, 12, 28, 35, 0, 48, 8, 39, 60, 38, 24, 44, 26, 45, 67, 43, 29, 13, 19, 27, 25, 2, 42, 16, 11, 32, 17, 1, 54, 7, 18, 56, 65, 57, 36, 4, 41, 31, 40, 20, 33, 53, 47, 66, 10, 55, 61, 51, 59, 15, 52, 9, 5, 23, 14, 62, 3, 6, 21]
234		1244.5421097385502		[63, 64, 50, 15, 46, 22, 37, 58, 68, 30, 34, 69, 12, 28, 35, 0, 48, 8, 39, 60, 38, 24, 44, 26, 45, 67, 43, 29, 13, 19, 27, 25, 2, 42, 16, 11, 32, 17, 1, 54, 7, 18, 56, 65, 57, 36, 4, 41, 31, 40, 20, 33, 53, 47, 66, 10, 55, 61, 51, 59, 49, 52, 9, 5, 23, 14, 62, 3, 6, 21]
235		1244.3596519257849		[63, 64, 50, 46, 15, 22, 37, 58, 68, 30, 34, 69, 12, 28, 35, 0, 48, 8, 39, 60, 38, 24, 44, 26, 45, 67, 43, 29, 13, 19, 27, 25, 2, 42, 16, 11, 32, 17, 1, 54, 7, 18, 56, 65, 57, 36, 4, 41, 31, 40, 20, 33, 53, 47, 66, 10, 55, 61, 51, 59, 49, 52, 9, 5, 23, 14, 62, 3, 6, 21]
236		1243.8338434970428		[63, 64, 50, 57, 15, 22, 37, 58, 68, 30, 34, 69, 12, 28, 35, 0, 48, 8, 39, 60, 38, 24, 44, 26, 45, 67, 43, 29, 13, 19, 27, 25, 2, 42, 16, 11, 32, 17, 1, 54, 7, 18, 56, 65, 46, 36, 4, 41, 31, 40, 20, 33, 53, 47, 66, 10, 55, 61, 51, 59, 49, 52, 9, 5, 23, 14, 62, 3, 6, 21]
237		1242.6616854085355		[63, 64, 50, 36, 15, 22, 37, 58, 68, 30, 34, 69, 12, 28, 35, 0, 48, 8, 39, 60, 38, 24, 44, 26, 45, 67, 43, 29, 13, 19, 27, 25, 2, 42, 16, 11, 32, 17, 1, 54, 7, 18, 56, 65, 46, 57, 4, 41, 31, 40, 20, 33, 53, 47, 66, 10, 55, 61, 51, 59, 49, 52, 9, 5, 23, 14, 62, 3, 6, 21]
238		1237.233253395284		[63, 64, 50, 36, 15, 22, 37, 58, 68, 30, 34, 69, 12, 28, 35, 0, 19, 8, 39, 60, 38, 24, 44, 26, 45, 67, 43, 29, 13, 48, 27, 25, 2, 42, 16, 11, 32, 17, 1, 54, 7, 18, 56, 65, 46, 57, 4, 41, 31, 40, 20, 33, 53, 47, 66, 10, 55, 61, 51, 59, 49, 52, 9, 5, 23, 14, 62, 3, 6, 21]
239		1226.3528286905903		[63, 64, 50, 36, 15, 22, 37, 58, 68, 30, 34, 69, 12, 28, 35, 0, 67, 8, 39, 60, 38, 24, 44, 26, 45, 19, 43, 29, 13, 48, 27, 25, 2, 42, 16, 11, 32, 17, 1, 54, 7, 18, 56, 65, 46, 57, 4, 41, 31, 40, 20, 33, 53, 47, 66, 10, 55, 61, 51, 59, 49, 52, 9, 5, 23, 14, 62, 3, 6, 21]
240		1220.440172980364		[63, 64, 50, 36, 15, 22, 37, 58, 68, 30, 34, 69, 12, 28, 35, 0, 42, 8, 39, 60, 38, 24, 44, 26, 45, 19, 43, 29, 13, 48, 27, 25, 2, 67, 16, 11, 32, 17, 1, 54, 7, 18, 56, 65, 46, 57, 4, 41, 31, 40, 20, 33, 53, 47, 66, 10, 55, 61, 51, 59, 49, 52, 9, 5, 23, 14, 62, 3, 6, 21]
241		1218.9950539330735		[63, 64, 50, 36, 15, 22, 37, 58, 68, 30, 34, 69, 12, 28, 35, 0, 16, 8, 39, 60, 38, 24, 44, 26, 45, 19, 43, 29, 13, 48, 27, 25, 2, 67, 42, 11, 32, 17, 1, 54, 7, 18, 56, 65, 46, 57, 4, 41, 31, 40, 20, 33, 53, 47, 66, 10, 55, 61, 51, 59, 49, 52, 9, 5, 23, 14, 62, 3, 6, 21]
242		1211.5895594140457		[63, 64, 50, 36, 15, 22, 37, 58, 68, 30, 34, 69, 12, 28, 35, 0, 16, 8, 39, 60, 38, 24, 44, 45, 26, 19, 43, 29, 13, 48, 27, 25, 2, 67, 42, 11, 32, 17, 1, 54, 7, 18, 56, 65, 46, 57, 4, 41, 31, 40, 20, 33, 53, 47, 66, 10, 55, 61, 51, 59, 49, 52, 9, 5, 23, 14, 62, 3, 6, 21]
243		1194.3574944056163		[63, 64, 50, 36, 15, 22, 37, 58, 68, 30, 34, 69, 12, 28, 35, 0, 16, 8, 39, 60, 38, 24, 44, 45, 26, 43, 19, 29, 13, 48, 27, 25, 2, 67, 42, 11, 32, 17, 1, 54, 7, 18, 56, 65, 46, 57, 4, 41, 31, 40, 20, 33, 53, 47, 66, 10, 55, 61, 51, 59, 49, 52, 9, 5, 23, 14, 62, 3, 6, 21]
244		1193.0417186599238		[63, 64, 50, 36, 15, 22, 37, 58, 68, 30, 34, 69, 12, 28, 35, 0, 16, 8, 39, 60, 38, 24, 44, 45, 26, 67, 19, 29, 13, 48, 27, 25, 2, 43, 42, 11, 32, 17, 1, 54, 7, 18, 56, 65, 46, 57, 4, 41, 31, 40, 20, 33, 53, 47, 66, 10, 55, 61, 51, 59, 49, 52, 9, 5, 23, 14, 62, 3, 6, 21]
245		1184.6869391028076		[63, 64, 50, 36, 15, 22, 37, 58, 68, 30, 34, 69, 12, 28, 35, 0, 16, 8, 39, 60, 38, 24, 44, 45, 26, 67, 29, 19, 13, 48, 27, 25, 2, 43, 42, 11, 32, 17, 1, 54, 7, 18, 56, 65, 46, 57, 4, 41, 31, 40, 20, 33, 53, 47, 66, 10, 55, 61, 51, 59, 49, 52, 9, 5, 23, 14, 62, 3, 6, 21]
246		1170.9025968104825		[63, 64, 50, 36, 15, 22, 37, 58, 68, 30, 34, 69, 12, 28, 35, 0, 16, 8, 39, 60, 38, 24, 44, 45, 26, 67, 29, 19, 13, 27, 48, 25, 2, 43, 42, 11, 32, 17, 1, 54, 7, 18, 56, 65, 46, 57, 4, 41, 31, 40, 20, 33, 53, 47, 66, 10, 55, 61, 51, 59, 49, 52, 9, 5, 23, 14, 62, 3, 6, 21]
247		1158.092262535837		[63, 64, 50, 36, 15, 22, 37, 58, 68, 30, 34, 69, 12, 28, 35, 0, 16, 8, 39, 60, 38, 24, 44, 45, 26, 67, 29, 19, 13, 54, 48, 25, 2, 43, 42, 11, 32, 17, 1, 27, 7, 18, 56, 65, 46, 57, 4, 41, 31, 40, 20, 33, 53, 47, 66, 10, 55, 61, 51, 59, 49, 52, 9, 5, 23, 14, 62, 3, 6, 21]
248		1156.1662997005615		[63, 64, 50, 36, 15, 22, 37, 58, 68, 30, 34, 69, 12, 28, 35, 0, 16, 8, 39, 60, 38, 24, 44, 45, 26, 67, 29, 19, 13, 48, 54, 25, 2, 43, 42, 11, 32, 17, 1, 27, 7, 18, 56, 65, 46, 57, 4, 41, 31, 40, 20, 33, 53, 47, 66, 10, 55, 61, 51, 59, 49, 52, 9, 5, 23, 14, 62, 3, 6, 21]
249		1156.128547722768		[63, 64, 50, 36, 15, 22, 37, 58, 68, 30, 34, 69, 12, 28, 35, 0, 16, 8, 39, 60, 38, 24, 44, 45, 26, 67, 29, 19, 13, 48, 54, 27, 2, 43, 42, 11, 32, 17, 1, 25, 7, 18, 56, 65, 46, 57, 4, 41, 31, 40, 20, 33, 53, 47, 66, 10, 55, 61, 51, 59, 49, 52, 9, 5, 23, 14, 62, 3, 6, 21]
250		1155.8851676045365		[63, 64, 50, 36, 15, 22, 37, 58, 68, 30, 34, 69, 12, 28, 35, 0, 16, 8, 39, 60, 38, 24, 44, 45, 26, 67, 29, 19, 13, 54, 48, 27, 2, 43, 42, 11, 32, 17, 1, 25, 7, 18, 56, 65, 46, 57, 4, 41, 31, 40, 20, 33, 53, 47, 66, 10, 55, 61, 51, 59, 49, 52, 9, 5, 23, 14, 62, 3, 6, 21]
251		1155.2444951050047		[63, 64, 50, 36, 15, 22, 37, 58, 68, 30, 34, 69, 12, 28, 35, 0, 16, 8, 39, 60, 38, 24, 44, 45, 26, 67, 29, 19, 13, 54, 48, 27, 2, 43, 42, 32, 11, 17, 1, 25, 7, 18, 56, 65, 46, 57, 4, 41, 31, 40, 20, 33, 53, 47, 66, 10, 55, 61, 51, 59, 49, 52, 9, 5, 23, 14, 62, 3, 6, 21]
252		1149.2222231303535		[63, 64, 50, 36, 15, 22, 37, 58, 68, 30, 34, 69, 12, 28, 35, 0, 32, 8, 39, 60, 38, 24, 44, 45, 26, 67, 29, 19, 13, 54, 48, 27, 2, 43, 42, 16, 11, 17, 1, 25, 7, 18, 56, 65, 46, 57, 4, 41, 31, 40, 20, 33, 53, 47, 66, 10, 55, 61, 51, 59, 49, 52, 9, 5, 23, 14, 62, 3, 6, 21]
253		1143.0293660029506		[63, 64, 50, 36, 15, 22, 37, 58, 68, 30, 34, 69, 12, 28, 35, 0, 33, 8, 39, 60, 38, 24, 44, 45, 26, 67, 29, 19, 13, 54, 48, 27, 2, 43, 42, 16, 11, 17, 1, 25, 7, 18, 56, 65, 46, 57, 4, 41, 31, 40, 20, 32, 53, 47, 66, 10, 55, 61, 51, 59, 49, 52, 9, 5, 23, 14, 62, 3, 6, 21]
254		1139.6306499362308		[63, 64, 50, 36, 15, 22, 37, 58, 68, 30, 34, 69, 12, 28, 35, 0, 11, 8, 39, 60, 38, 24, 44, 45, 26, 67, 29, 19, 13, 54, 48, 27, 2, 43, 42, 16, 33, 17, 1, 25, 7, 18, 56, 65, 46, 57, 4, 41, 31, 40, 20, 32, 53, 47, 66, 10, 55, 61, 51, 59, 49, 52, 9, 5, 23, 14, 62, 3, 6, 21]
255		1135.9023061072407		[63, 64, 50, 36, 15, 22, 37, 58, 68, 30, 34, 69, 12, 28, 35, 0, 20, 8, 39, 60, 38, 24, 44, 45, 26, 67, 29, 19, 13, 54, 48, 27, 2, 43, 42, 16, 33, 17, 1, 25, 7, 18, 56, 65, 46, 57, 4, 41, 31, 40, 11, 32, 53, 47, 66, 10, 55, 61, 51, 59, 49, 52, 9, 5, 23, 14, 62, 3, 6, 21]
256		1133.0357755511764		[63, 64, 50, 36, 15, 22, 37, 58, 68, 30, 34, 69, 12, 28, 35, 0, 16, 8, 39, 60, 38, 24, 44, 45, 26, 67, 29, 19, 13, 54, 48, 27, 2, 43, 42, 20, 33, 17, 1, 25, 7, 18, 56, 65, 46, 57, 4, 41, 31, 40, 11, 32, 53, 47, 66, 10, 55, 61, 51, 59, 49, 52, 9, 5, 23, 14, 62, 3, 6, 21]
257		1132.8936288684536		[63, 64, 50, 36, 15, 22, 37, 58, 68, 30, 34, 69, 12, 28, 35, 0, 16, 8, 39, 60, 38, 24, 44, 45, 26, 67, 29, 19, 13, 54, 48, 27, 2, 43, 42, 33, 20, 17, 1, 25, 7, 18, 56, 65, 46, 57, 4, 41, 31, 40, 11, 32, 53, 47, 66, 10, 55, 61, 51, 59, 49, 52, 9, 5, 23, 14, 62, 3, 6, 21]
258		1127.480362595043		[63, 64, 50, 36, 15, 22, 37, 58, 68, 30, 34, 69, 12, 28, 35, 0, 16, 8, 39, 60, 38, 24, 44, 45, 26, 67, 29, 19, 13, 54, 48, 27, 2, 43, 42, 33, 20, 31, 1, 25, 7, 18, 56, 65, 46, 57, 4, 41, 17, 40, 11, 32, 53, 47, 66, 10, 55, 61, 51, 59, 49, 52, 9, 5, 23, 14, 62, 3, 6, 21]
259		1127.1295225339686		[63, 64, 50, 36, 15, 22, 37, 58, 68, 30, 34, 69, 12, 28, 35, 0, 16, 8, 39, 60, 38, 24, 44, 45, 26, 67, 29, 19, 13, 54, 48, 27, 2, 43, 20, 33, 42, 31, 1, 25, 7, 18, 56, 65, 46, 57, 4, 41, 17, 40, 11, 32, 53, 47, 66, 10, 55, 61, 51, 59, 49, 52, 9, 5, 23, 14, 62, 3, 6, 21]
260		1126.974294031766		[63, 64, 50, 36, 15, 22, 37, 58, 68, 30, 34, 69, 12, 28, 35, 0, 16, 8, 39, 60, 38, 24, 44, 45, 26, 67, 29, 19, 13, 54, 48, 27, 2, 43, 33, 20, 42, 31, 1, 25, 7, 18, 56, 65, 46, 57, 4, 41, 17, 40, 11, 32, 53, 47, 66, 10, 55, 61, 51, 59, 49, 52, 9, 5, 23, 14, 62, 3, 6, 21]
261		1118.06491874847		[63, 64, 50, 36, 15, 22, 37, 58, 68, 30, 34, 69, 12, 28, 35, 0, 16, 8, 39, 60, 38, 24, 44, 45, 26, 67, 29, 19, 13, 54, 48, 27, 2, 43, 33, 20, 42, 31, 7, 25, 1, 18, 56, 65, 46, 57, 4, 41, 17, 40, 11, 32, 53, 47, 66, 10, 55, 61, 51, 59, 49, 52, 9, 5, 23, 14, 62, 3, 6, 21]
262		1109.3668444025184		[63, 64, 50, 36, 15, 22, 37, 58, 68, 30, 34, 69, 12, 28, 35, 0, 16, 8, 39, 60, 38, 24, 44, 45, 26, 67, 29, 19, 13, 54, 48, 27, 2, 43, 33, 20, 42, 31, 7, 25, 18, 1, 56, 65, 46, 57, 4, 41, 17, 40, 11, 32, 53, 47, 66, 10, 55, 61, 51, 59, 49, 52, 9, 5, 23, 14, 62, 3, 6, 21]
263		1106.2536169019213		[63, 64, 50, 36, 15, 22, 37, 58, 68, 30, 34, 69, 12, 28, 35, 0, 16, 8, 39, 60, 38, 24, 44, 45, 26, 67, 29, 19, 13, 54, 48, 27, 2, 43, 33, 20, 42, 31, 7, 25, 18, 23, 56, 65, 46, 57, 4, 41, 17, 40, 11, 32, 53, 47, 66, 10, 55, 61, 51, 59, 49, 52, 9, 5, 1, 14, 62, 3, 6, 21]
264		1105.9840086094187		[63, 64, 50, 36, 15, 22, 37, 58, 68, 30, 34, 69, 12, 28, 35, 0, 16, 8, 39, 60, 38, 24, 44, 45, 26, 67, 29, 19, 13, 54, 48, 27, 2, 43, 33, 20, 42, 31, 7, 25, 18, 14, 56, 65, 46, 57, 4, 41, 17, 40, 11, 32, 53, 47, 66, 10, 55, 61, 51, 59, 49, 52, 9, 5, 1, 23, 62, 3, 6, 21]
265		1105.2298695361533		[63, 64, 50, 36, 15, 22, 37, 58, 68, 30, 34, 69, 12, 28, 35, 0, 16, 8, 39, 60, 38, 24, 44, 45, 26, 67, 29, 19, 13, 54, 48, 27, 2, 43, 33, 20, 42, 31, 7, 25, 18, 14, 23, 65, 46, 57, 4, 41, 17, 40, 11, 32, 53, 47, 66, 10, 55, 61, 51, 59, 49, 52, 9, 5, 1, 56, 62, 3, 6, 21]
266		1102.2977047539507		[63, 64, 50, 36, 15, 22, 37, 58, 68, 30, 34, 69, 12, 28, 35, 0, 16, 8, 39, 60, 38, 24, 44, 45, 26, 67, 29, 19, 13, 54, 48, 27, 2, 43, 33, 20, 42, 31, 7, 25, 18, 23, 14, 65, 46, 57, 4, 41, 17, 40, 11, 32, 53, 47, 66, 10, 55, 61, 51, 59, 49, 52, 9, 5, 1, 56, 62, 3, 6, 21]
267		1093.6873796645123		[63, 64, 50, 36, 15, 22, 37, 58, 68, 30, 34, 69, 12, 28, 35, 0, 16, 8, 39, 60, 38, 24, 44, 45, 26, 67, 29, 19, 13, 54, 48, 27, 2, 43, 33, 20, 42, 31, 7, 25, 18, 23, 62, 65, 46, 57, 4, 41, 17, 40, 11, 32, 53, 47, 66, 10, 55, 61, 51, 59, 49, 52, 9, 5, 1, 56, 14, 3, 6, 21]
268		1086.6162051915298		[63, 64, 50, 36, 15, 22, 37, 58, 68, 30, 34, 69, 12, 28, 35, 0, 16, 8, 39, 60, 38, 24, 44, 45, 26, 67, 29, 19, 13, 54, 48, 27, 2, 43, 33, 20, 42, 31, 7, 25, 18, 56, 62, 65, 46, 57, 4, 41, 17, 40, 11, 32, 53, 47, 66, 10, 55, 61, 51, 59, 49, 52, 9, 5, 1, 23, 14, 3, 6, 21]
269		1085.139889701497		[63, 64, 50, 36, 15, 22, 37, 58, 68, 30, 34, 69, 12, 28, 35, 0, 16, 8, 39, 60, 38, 24, 44, 45, 26, 67, 29, 19, 13, 54, 48, 27, 2, 43, 33, 20, 42, 31, 7, 25, 18, 6, 62, 65, 46, 57, 4, 41, 17, 40, 11, 32, 53, 47, 66, 10, 55, 61, 51, 59, 49, 52, 9, 5, 1, 23, 14, 3, 56, 21]
270		1084.5424191772665		[63, 64, 50, 36, 15, 22, 37, 58, 68, 30, 34, 69, 12, 28, 35, 0, 16, 8, 39, 60, 38, 24, 44, 45, 26, 67, 29, 19, 13, 54, 48, 27, 2, 43, 33, 20, 42, 31, 7, 25, 18, 6, 65, 62, 46, 57, 4, 41, 17, 40, 11, 32, 53, 47, 66, 10, 55, 61, 51, 59, 49, 52, 9, 5, 1, 23, 14, 3, 56, 21]
271		1073.4750004683722		[63, 64, 50, 36, 15, 22, 37, 58, 68, 30, 34, 69, 12, 28, 35, 0, 16, 8, 39, 60, 38, 24, 44, 45, 26, 67, 29, 19, 13, 54, 48, 27, 2, 43, 33, 20, 42, 31, 7, 25, 18, 6, 3, 62, 46, 57, 4, 41, 17, 40, 11, 32, 53, 47, 66, 10, 55, 61, 51, 59, 49, 52, 9, 5, 1, 23, 14, 65, 56, 21]
272		1064.6991399386272		[63, 64, 50, 36, 15, 22, 37, 58, 68, 30, 34, 69, 12, 28, 35, 0, 16, 8, 39, 60, 38, 24, 44, 45, 26, 67, 29, 19, 13, 54, 48, 27, 2, 43, 33, 20, 42, 31, 7, 25, 18, 6, 1, 62, 46, 57, 4, 41, 17, 40, 11, 32, 53, 47, 66, 10, 55, 61, 51, 59, 49, 52, 9, 5, 3, 23, 14, 65, 56, 21]
273		1055.5401822784415		[63, 64, 50, 36, 15, 22, 37, 58, 68, 30, 34, 69, 12, 28, 35, 0, 16, 8, 39, 60, 38, 24, 44, 45, 26, 67, 29, 19, 13, 54, 48, 27, 2, 43, 33, 20, 42, 31, 7, 25, 18, 6, 1, 65, 46, 57, 4, 41, 17, 40, 11, 32, 53, 47, 66, 10, 55, 61, 51, 59, 49, 52, 9, 5, 3, 23, 14, 62, 56, 21]
274		1045.1218810959767		[63, 64, 50, 36, 15, 22, 37, 58, 68, 30, 34, 69, 12, 28, 35, 0, 16, 8, 39, 60, 38, 24, 44, 45, 26, 67, 29, 19, 13, 54, 48, 27, 2, 43, 33, 20, 42, 31, 7, 25, 18, 6, 1, 56, 46, 57, 4, 41, 17, 40, 11, 32, 53, 47, 66, 10, 55, 61, 51, 59, 49, 52, 9, 5, 3, 23, 14, 62, 65, 21]
275		1040.559625756344		[63, 64, 50, 36, 15, 22, 37, 58, 68, 30, 34, 69, 12, 28, 35, 0, 16, 8, 39, 60, 38, 24, 44, 45, 26, 67, 29, 19, 13, 54, 48, 27, 2, 43, 33, 20, 42, 31, 7, 25, 18, 6, 1, 3, 46, 57, 4, 41, 17, 40, 11, 32, 53, 47, 66, 10, 55, 61, 51, 59, 49, 52, 9, 5, 56, 23, 14, 62, 65, 21]
276		1037.61033725407		[63, 64, 50, 46, 15, 22, 37, 58, 68, 30, 34, 69, 12, 28, 35, 0, 16, 8, 39, 60, 38, 24, 44, 45, 26, 67, 29, 19, 13, 54, 48, 27, 2, 43, 33, 20, 42, 31, 7, 25, 18, 6, 1, 3, 36, 57, 4, 41, 17, 40, 11, 32, 53, 47, 66, 10, 55, 61, 51, 59, 49, 52, 9, 5, 56, 23, 14, 62, 65, 21]
277		1028.6965782735738		[63, 64, 50, 46, 15, 22, 37, 58, 68, 30, 34, 69, 12, 28, 35, 0, 16, 8, 39, 60, 38, 24, 44, 45, 26, 67, 29, 19, 13, 54, 48, 27, 2, 43, 33, 20, 42, 31, 7, 25, 18, 6, 1, 3, 52, 57, 4, 41, 17, 40, 11, 32, 53, 47, 66, 10, 55, 61, 51, 59, 49, 36, 9, 5, 56, 23, 14, 62, 65, 21]
278		1019.4741592736939		[63, 64, 50, 46, 15, 22, 37, 58, 68, 30, 34, 69, 12, 28, 35, 0, 16, 8, 39, 60, 38, 24, 44, 45, 26, 67, 29, 19, 13, 54, 48, 27, 2, 43, 33, 20, 42, 31, 7, 25, 18, 6, 1, 3, 5, 57, 4, 41, 17, 40, 11, 32, 53, 47, 66, 10, 55, 61, 51, 59, 49, 36, 9, 52, 56, 23, 14, 62, 65, 21]
279		1018.6680434643636		[63, 64, 50, 46, 15, 22, 37, 58, 68, 30, 34, 69, 12, 28, 35, 0, 57, 8, 39, 60, 38, 24, 44, 45, 26, 67, 29, 19, 13, 54, 48, 27, 2, 43, 33, 20, 42, 31, 7, 25, 18, 6, 1, 3, 5, 16, 4, 41, 17, 40, 11, 32, 53, 47, 66, 10, 55, 61, 51, 59, 49, 36, 9, 52, 56, 23, 14, 62, 65, 21]
280		1012.492064704746		[63, 64, 50, 57, 15, 22, 37, 58, 68, 30, 34, 69, 12, 28, 35, 0, 46, 8, 39, 60, 38, 24, 44, 45, 26, 67, 29, 19, 13, 54, 48, 27, 2, 43, 33, 20, 42, 31, 7, 25, 18, 6, 1, 3, 5, 16, 4, 41, 17, 40, 11, 32, 53, 47, 66, 10, 55, 61, 51, 59, 49, 36, 9, 52, 56, 23, 14, 62, 65, 21]
281		1010.4651755859634		[63, 64, 50, 36, 15, 22, 37, 58, 68, 30, 34, 69, 12, 28, 35, 0, 46, 8, 39, 60, 38, 24, 44, 45, 26, 67, 29, 19, 13, 54, 48, 27, 2, 43, 33, 20, 42, 31, 7, 25, 18, 6, 1, 3, 5, 16, 4, 41, 17, 40, 11, 32, 53, 47, 66, 10, 55, 61, 51, 59, 49, 57, 9, 52, 56, 23, 14, 62, 65, 21]
282		1008.8753011754338		[63, 64, 50, 36, 46, 22, 37, 58, 68, 30, 34, 69, 12, 28, 35, 0, 15, 8, 39, 60, 38, 24, 44, 45, 26, 67, 29, 19, 13, 54, 48, 27, 2, 43, 33, 20, 42, 31, 7, 25, 18, 6, 1, 3, 5, 16, 4, 41, 17, 40, 11, 32, 53, 47, 66, 10, 55, 61, 51, 59, 49, 57, 9, 52, 56, 23, 14, 62, 65, 21]
283		990.2641771999793		[63, 64, 50, 36, 46, 22, 37, 58, 68, 30, 34, 69, 12, 28, 35, 0, 15, 4, 39, 60, 38, 24, 44, 45, 26, 67, 29, 19, 13, 54, 48, 27, 2, 43, 33, 20, 42, 31, 7, 25, 18, 6, 1, 3, 5, 16, 8, 41, 17, 40, 11, 32, 53, 47, 66, 10, 55, 61, 51, 59, 49, 57, 9, 52, 56, 23, 14, 62, 65, 21]
284		984.4361919686485		[63, 64, 50, 36, 46, 22, 37, 58, 68, 30, 34, 69, 12, 28, 35, 0, 15, 61, 39, 60, 38, 24, 44, 45, 26, 67, 29, 19, 13, 54, 48, 27, 2, 43, 33, 20, 42, 31, 7, 25, 18, 6, 1, 3, 5, 16, 8, 41, 17, 40, 11, 32, 53, 47, 66, 10, 55, 4, 51, 59, 49, 57, 9, 52, 56, 23, 14, 62, 65, 21]
285		982.8645863702111		[63, 64, 4, 36, 46, 22, 37, 58, 68, 30, 34, 69, 12, 28, 35, 0, 15, 61, 39, 60, 38, 24, 44, 45, 26, 67, 29, 19, 13, 54, 48, 27, 2, 43, 33, 20, 42, 31, 7, 25, 18, 6, 1, 3, 5, 16, 8, 41, 17, 40, 11, 32, 53, 47, 66, 10, 55, 50, 51, 59, 49, 57, 9, 52, 56, 23, 14, 62, 65, 21]
286		981.1782681993856		[63, 64, 59, 36, 46, 22, 37, 58, 68, 30, 34, 69, 12, 28, 35, 0, 15, 61, 39, 60, 38, 24, 44, 45, 26, 67, 29, 19, 13, 54, 48, 27, 2, 43, 33, 20, 42, 31, 7, 25, 18, 6, 1, 3, 5, 16, 8, 41, 17, 40, 11, 32, 53, 47, 66, 10, 55, 50, 51, 4, 49, 57, 9, 52, 56, 23, 14, 62, 65, 21]
287		979.8100259663628		[63, 64, 15, 36, 46, 22, 37, 58, 68, 30, 34, 69, 12, 28, 35, 0, 59, 61, 39, 60, 38, 24, 44, 45, 26, 67, 29, 19, 13, 54, 48, 27, 2, 43, 33, 20, 42, 31, 7, 25, 18, 6, 1, 3, 5, 16, 8, 41, 17, 40, 11, 32, 53, 47, 66, 10, 55, 50, 51, 4, 49, 57, 9, 52, 56, 23, 14, 62, 65, 21]
288		965.7108743080171		[63, 64, 36, 15, 46, 22, 37, 58, 68, 30, 34, 69, 12, 28, 35, 0, 59, 61, 39, 60, 38, 24, 44, 45, 26, 67, 29, 19, 13, 54, 48, 27, 2, 43, 33, 20, 42, 31, 7, 25, 18, 6, 1, 3, 5, 16, 8, 41, 17, 40, 11, 32, 53, 47, 66, 10, 55, 50, 51, 4, 49, 57, 9, 52, 56, 23, 14, 62, 65, 21]
289		965.7022021355662		[63, 64, 49, 15, 46, 22, 37, 58, 68, 30, 34, 69, 12, 28, 35, 0, 59, 61, 39, 60, 38, 24, 44, 45, 26, 67, 29, 19, 13, 54, 48, 27, 2, 43, 33, 20, 42, 31, 7, 25, 18, 6, 1, 3, 5, 16, 8, 41, 17, 40, 11, 32, 53, 47, 66, 10, 55, 50, 51, 4, 36, 57, 9, 52, 56, 23, 14, 62, 65, 21]
290		964.5591638971023		[63, 64, 57, 15, 46, 22, 37, 58, 68, 30, 34, 69, 12, 28, 35, 0, 59, 61, 39, 60, 38, 24, 44, 45, 26, 67, 29, 19, 13, 54, 48, 27, 2, 43, 33, 20, 42, 31, 7, 25, 18, 6, 1, 3, 5, 16, 8, 41, 17, 40, 11, 32, 53, 47, 66, 10, 55, 50, 51, 4, 36, 49, 9, 52, 56, 23, 14, 62, 65, 21]
291		962.2090107737596		[63, 64, 36, 15, 46, 22, 37, 58, 68, 30, 34, 69, 12, 28, 35, 0, 59, 61, 39, 60, 38, 24, 44, 45, 26, 67, 29, 19, 13, 54, 48, 27, 2, 43, 33, 20, 42, 31, 7, 25, 18, 6, 1, 3, 5, 16, 8, 41, 17, 40, 11, 32, 53, 47, 66, 10, 55, 50, 51, 4, 57, 49, 9, 52, 56, 23, 14, 62, 65, 21]
292		961.3189287505583		[63, 64, 36, 46, 15, 22, 37, 58, 68, 30, 34, 69, 12, 28, 35, 0, 59, 61, 39, 60, 38, 24, 44, 45, 26, 67, 29, 19, 13, 54, 48, 27, 2, 43, 33, 20, 42, 31, 7, 25, 18, 6, 1, 3, 5, 16, 8, 41, 17, 40, 11, 32, 53, 47, 66, 10, 55, 50, 51, 4, 57, 49, 9, 52, 56, 23, 14, 62, 65, 21]
293		958.9290434680302		[63, 64, 36, 46, 15, 22, 37, 58, 68, 30, 34, 69, 12, 28, 35, 0, 59, 61, 60, 39, 38, 24, 44, 45, 26, 67, 29, 19, 13, 54, 48, 27, 2, 43, 33, 20, 42, 31, 7, 25, 18, 6, 1, 3, 5, 16, 8, 41, 17, 40, 11, 32, 53, 47, 66, 10, 55, 50, 51, 4, 57, 49, 9, 52, 56, 23, 14, 62, 65, 21]
294		956.3604720404052		[63, 64, 36, 46, 15, 22, 37, 58, 68, 30, 34, 69, 12, 28, 35, 0, 59, 61, 60, 39, 38, 24, 44, 45, 26, 8, 29, 19, 13, 54, 48, 27, 2, 43, 33, 20, 42, 31, 7, 25, 18, 6, 1, 3, 5, 16, 67, 41, 17, 40, 11, 32, 53, 47, 66, 10, 55, 50, 51, 4, 57, 49, 9, 52, 56, 23, 14, 62, 65, 21]
295		955.5600022521887		[63, 64, 36, 46, 15, 22, 37, 58, 68, 30, 34, 69, 12, 28, 35, 0, 59, 61, 60, 39, 38, 24, 44, 45, 26, 43, 29, 19, 13, 54, 48, 27, 2, 8, 33, 20, 42, 31, 7, 25, 18, 6, 1, 3, 5, 16, 67, 41, 17, 40, 11, 32, 53, 47, 66, 10, 55, 50, 51, 4, 57, 49, 9, 52, 56, 23, 14, 62, 65, 21]
296		949.599233626729		[63, 64, 36, 46, 15, 22, 37, 58, 68, 30, 34, 69, 12, 28, 35, 0, 59, 61, 60, 39, 38, 24, 44, 45, 26, 43, 29, 19, 13, 54, 48, 27, 2, 8, 33, 20, 16, 31, 7, 25, 18, 6, 1, 3, 5, 42, 67, 41, 17, 40, 11, 32, 53, 47, 66, 10, 55, 50, 51, 4, 57, 49, 9, 52, 56, 23, 14, 62, 65, 21]
297		949.4511911501468		[63, 64, 36, 46, 15, 22, 37, 58, 68, 30, 34, 69, 12, 28, 35, 0, 59, 61, 60, 39, 38, 24, 44, 45, 26, 67, 29, 19, 13, 54, 48, 27, 2, 8, 33, 20, 16, 31, 7, 25, 18, 6, 1, 3, 5, 42, 43, 41, 17, 40, 11, 32, 53, 47, 66, 10, 55, 50, 51, 4, 57, 49, 9, 52, 56, 23, 14, 62, 65, 21]
298		948.8496905778217		[63, 64, 36, 46, 15, 22, 37, 58, 68, 30, 34, 69, 12, 28, 35, 0, 59, 61, 60, 39, 38, 24, 44, 45, 26, 67, 29, 19, 13, 54, 48, 27, 43, 8, 33, 20, 16, 31, 7, 25, 18, 6, 1, 3, 5, 42, 2, 41, 17, 40, 11, 32, 53, 47, 66, 10, 55, 50, 51, 4, 57, 49, 9, 52, 56, 23, 14, 62, 65, 21]
299		938.9645527608542		[63, 64, 36, 46, 15, 22, 37, 58, 68, 30, 34, 69, 12, 28, 35, 0, 59, 61, 60, 39, 38, 24, 44, 45, 26, 67, 29, 19, 13, 54, 48, 27, 43, 8, 33, 20, 2, 31, 7, 25, 18, 6, 1, 3, 5, 42, 16, 41, 17, 40, 11, 32, 53, 47, 66, 10, 55, 50, 51, 4, 57, 49, 9, 52, 56, 23, 14, 62, 65, 21]
300		938.4894402758413		[63, 64, 36, 46, 15, 22, 37, 58, 68, 30, 34, 69, 12, 28, 35, 0, 59, 61, 60, 39, 38, 24, 44, 45, 26, 67, 29, 19, 13, 54, 48, 27, 43, 8, 33, 20, 2, 31, 7, 25, 18, 6, 1, 3, 41, 42, 16, 5, 17, 40, 11, 32, 53, 47, 66, 10, 55, 50, 51, 4, 57, 49, 9, 52, 56, 23, 14, 62, 65, 21]
301		931.1489659344714		[63, 64, 36, 46, 15, 22, 37, 58, 68, 30, 34, 69, 12, 28, 35, 0, 59, 61, 60, 39, 38, 24, 44, 45, 26, 67, 29, 19, 13, 54, 48, 27, 43, 8, 33, 20, 2, 31, 7, 25, 18, 6, 1, 3, 17, 42, 16, 5, 41, 40, 11, 32, 53, 47, 66, 10, 55, 50, 51, 4, 57, 49, 9, 52, 56, 23, 14, 62, 65, 21]
302		927.2223312380107		[63, 64, 36, 46, 15, 22, 37, 58, 68, 30, 34, 69, 12, 28, 35, 0, 59, 61, 60, 39, 38, 24, 44, 45, 26, 67, 29, 19, 13, 54, 48, 27, 43, 8, 33, 20, 2, 31, 7, 25, 18, 6, 1, 3, 17, 5, 16, 42, 41, 40, 11, 32, 53, 47, 66, 10, 55, 50, 51, 4, 57, 49, 9, 52, 56, 23, 14, 62, 65, 21]
303		921.6620084819374		[63, 64, 36, 46, 15, 22, 37, 58, 68, 30, 34, 69, 12, 28, 35, 0, 59, 61, 60, 39, 38, 24, 44, 45, 26, 67, 29, 19, 13, 54, 48, 27, 43, 8, 33, 20, 2, 31, 7, 25, 18, 6, 1, 3, 17, 41, 16, 42, 5, 40, 11, 32, 53, 47, 66, 10, 55, 50, 51, 4, 57, 49, 9, 52, 56, 23, 14, 62, 65, 21]
304		920.368728746673		[63, 64, 36, 46, 15, 22, 37, 58, 68, 30, 34, 69, 12, 28, 35, 0, 59, 61, 60, 39, 38, 24, 44, 45, 26, 67, 29, 19, 13, 54, 48, 27, 43, 8, 33, 20, 2, 31, 7, 25, 18, 6, 1, 3, 17, 41, 42, 16, 5, 40, 11, 32, 53, 47, 66, 10, 55, 50, 51, 4, 57, 49, 9, 52, 56, 23, 14, 62, 65, 21]
305		914.5128856021104		[63, 64, 36, 46, 15, 22, 37, 58, 68, 30, 34, 69, 12, 28, 35, 0, 59, 61, 60, 39, 38, 24, 44, 45, 26, 67, 29, 19, 13, 54, 48, 27, 43, 8, 33, 20, 2, 31, 7, 25, 18, 6, 1, 3, 17, 41, 5, 16, 42, 40, 11, 32, 53, 47, 66, 10, 55, 50, 51, 4, 57, 49, 9, 52, 56, 23, 14, 62, 65, 21]
306		904.1390450790726		[63, 64, 36, 46, 15, 22, 37, 58, 68, 30, 34, 69, 12, 28, 35, 0, 59, 61, 60, 39, 38, 24, 44, 45, 26, 67, 29, 19, 13, 54, 48, 27, 43, 8, 33, 40, 2, 31, 7, 25, 18, 6, 1, 3, 17, 41, 5, 16, 42, 20, 11, 32, 53, 47, 66, 10, 55, 50, 51, 4, 57, 49, 9, 52, 56, 23, 14, 62, 65, 21]
307		877.7654659523693		[63, 64, 36, 46, 15, 22, 37, 58, 68, 30, 34, 69, 12, 28, 35, 0, 59, 61, 60, 39, 38, 24, 44, 45, 26, 67, 29, 19, 13, 54, 48, 27, 43, 8, 42, 40, 2, 31, 7, 25, 18, 6, 1, 3, 17, 41, 5, 16, 33, 20, 11, 32, 53, 47, 66, 10, 55, 50, 51, 4, 57, 49, 9, 52, 56, 23, 14, 62, 65, 21]
308		864.6432241857229		[63, 64, 36, 46, 15, 22, 37, 58, 68, 30, 34, 69, 12, 28, 35, 0, 59, 61, 60, 39, 38, 24, 44, 45, 26, 8, 29, 19, 13, 54, 48, 27, 43, 67, 42, 40, 2, 31, 7, 25, 18, 6, 1, 3, 17, 41, 5, 16, 33, 20, 11, 32, 53, 47, 66, 10, 55, 50, 51, 4, 57, 49, 9, 52, 56, 23, 14, 62, 65, 21]
309		864.0328710072594		[63, 64, 36, 46, 15, 22, 37, 58, 68, 30, 34, 69, 12, 28, 35, 0, 59, 61, 60, 39, 38, 24, 44, 45, 26, 8, 29, 19, 13, 54, 48, 27, 43, 67, 42, 40, 31, 2, 7, 25, 18, 6, 1, 3, 17, 41, 5, 16, 33, 20, 11, 32, 53, 47, 66, 10, 55, 50, 51, 4, 57, 49, 9, 52, 56, 23, 14, 62, 65, 21]
310		863.3746920895784		[63, 64, 36, 46, 15, 22, 37, 58, 68, 30, 34, 69, 12, 28, 35, 0, 59, 61, 60, 39, 38, 24, 44, 45, 26, 8, 29, 19, 13, 54, 48, 27, 43, 67, 42, 40, 31, 2, 7, 25, 18, 6, 1, 3, 17, 41, 5, 16, 20, 33, 11, 32, 53, 47, 66, 10, 55, 50, 51, 4, 57, 49, 9, 52, 56, 23, 14, 62, 65, 21]
311		861.566663341123		[63, 64, 36, 46, 15, 22, 37, 58, 68, 30, 34, 69, 12, 28, 35, 0, 59, 61, 60, 39, 38, 24, 44, 45, 26, 8, 29, 19, 13, 54, 48, 27, 43, 67, 42, 40, 31, 2, 7, 25, 18, 6, 1, 3, 17, 41, 5, 16, 20, 33, 11, 32, 53, 47, 66, 10, 55, 50, 51, 49, 57, 4, 9, 52, 56, 23, 14, 62, 65, 21]
312		857.1062098939647		[63, 64, 36, 46, 15, 22, 37, 58, 68, 30, 34, 69, 12, 28, 35, 0, 59, 61, 60, 39, 38, 24, 44, 45, 26, 8, 29, 19, 13, 54, 48, 27, 43, 67, 42, 40, 31, 2, 7, 25, 18, 6, 1, 3, 17, 41, 5, 16, 20, 33, 11, 32, 53, 47, 66, 10, 55, 50, 51, 49, 57, 9, 4, 52, 56, 23, 14, 62, 65, 21]
313		853.5808332669386		[63, 64, 36, 46, 15, 22, 37, 58, 68, 30, 34, 69, 12, 28, 35, 0, 59, 61, 60, 39, 38, 24, 44, 45, 26, 8, 29, 19, 13, 54, 48, 27, 43, 67, 42, 40, 31, 2, 7, 25, 18, 6, 1, 3, 17, 41, 5, 16, 20, 33, 11, 32, 53, 47, 66, 10, 55, 50, 57, 49, 51, 9, 4, 52, 56, 23, 14, 62, 65, 21]
314		848.5698166630375		[63, 57, 36, 46, 15, 22, 37, 58, 68, 30, 34, 69, 12, 28, 35, 0, 59, 61, 60, 39, 38, 24, 44, 45, 26, 8, 29, 19, 13, 54, 48, 27, 43, 67, 42, 40, 31, 2, 7, 25, 18, 6, 1, 3, 17, 41, 5, 16, 20, 33, 11, 32, 53, 47, 66, 10, 55, 50, 64, 49, 51, 9, 4, 52, 56, 23, 14, 62, 65, 21]
315		842.7528861436796		[49, 57, 36, 46, 15, 22, 37, 58, 68, 30, 34, 69, 12, 28, 35, 0, 59, 61, 60, 39, 38, 24, 44, 45, 26, 8, 29, 19, 13, 54, 48, 27, 43, 67, 42, 40, 31, 2, 7, 25, 18, 6, 1, 3, 17, 41, 5, 16, 20, 33, 11, 32, 53, 47, 66, 10, 55, 50, 64, 63, 51, 9, 4, 52, 56, 23, 14, 62, 65, 21]
316		831.8227114665709		[49, 57, 36, 46, 15, 22, 37, 58, 68, 30, 34, 69, 12, 28, 35, 0, 59, 61, 60, 39, 38, 24, 44, 45, 26, 8, 29, 19, 13, 54, 48, 27, 43, 67, 42, 40, 31, 2, 7, 25, 18, 6, 1, 3, 17, 41, 5, 16, 20, 33, 11, 32, 53, 47, 66, 10, 55, 63, 64, 50, 51, 9, 4, 52, 56, 23, 14, 62, 65, 21]
317		828.9213542174039		[49, 57, 36, 46, 15, 22, 37, 58, 68, 30, 34, 69, 12, 28, 35, 0, 59, 61, 60, 39, 38, 24, 44, 45, 26, 8, 29, 19, 13, 54, 48, 27, 43, 67, 42, 40, 31, 2, 7, 25, 18, 6, 1, 3, 17, 41, 5, 16, 20, 33, 11, 32, 53, 47, 66, 55, 10, 63, 64, 50, 51, 9, 4, 52, 56, 23, 14, 62, 65, 21]
318		828.7707179753825		[49, 57, 36, 46, 15, 22, 37, 58, 68, 30, 34, 69, 12, 28, 35, 0, 59, 61, 60, 39, 38, 24, 44, 45, 26, 8, 29, 19, 13, 54, 48, 27, 43, 67, 42, 40, 31, 2, 7, 25, 18, 6, 1, 3, 17, 41, 5, 16, 20, 33, 11, 32, 53, 47, 66, 55, 10, 63, 64, 50, 51, 9, 4, 52, 14, 23, 56, 62, 65, 21]
319		826.8878455723757		[49, 57, 36, 46, 15, 22, 37, 58, 68, 30, 34, 69, 12, 28, 35, 0, 59, 61, 60, 39, 38, 24, 44, 45, 26, 8, 29, 19, 13, 54, 48, 27, 43, 67, 42, 40, 31, 2, 7, 25, 18, 6, 1, 3, 17, 41, 5, 16, 20, 33, 11, 32, 53, 47, 66, 55, 10, 63, 64, 50, 51, 9, 4, 52, 23, 14, 56, 62, 65, 21]
320		825.2995343646497		[49, 57, 36, 46, 15, 22, 37, 58, 68, 30, 34, 69, 12, 28, 35, 0, 59, 61, 60, 39, 38, 24, 44, 45, 26, 8, 29, 19, 13, 54, 48, 27, 43, 67, 42, 40, 31, 2, 7, 25, 18, 6, 1, 3, 17, 41, 5, 16, 20, 33, 11, 32, 53, 47, 66, 55, 10, 63, 64, 50, 51, 9, 4, 52, 23, 14, 56, 62, 21, 65]
