Iteração	Melhor Avaliação	Melhor Caminho
1		27394.930776026973		[34, 2, 50, 13, 17, 30, 47, 32, 46, 24, 5, 4, 7, 19, 18, 48, 22, 8, 20, 42, 37, 6, 26, 31, 9, 35, 12, 27, 29, 38, 11, 36, 3, 15, 41, 1, 39, 40, 33, 0, 16, 45, 14, 49, 21, 25, 23, 44, 43, 28, 10, 51]
2		27067.392915329077		[2, 34, 50, 13, 17, 30, 47, 32, 46, 24, 5, 4, 7, 19, 18, 48, 22, 8, 20, 42, 37, 6, 26, 31, 9, 35, 12, 27, 29, 38, 11, 36, 3, 15, 41, 1, 39, 40, 33, 0, 16, 45, 14, 49, 21, 25, 23, 44, 43, 28, 10, 51]
3		26828.945038606398		[13, 34, 50, 2, 17, 30, 47, 32, 46, 24, 5, 4, 7, 19, 18, 48, 22, 8, 20, 42, 37, 6, 26, 31, 9, 35, 12, 27, 29, 38, 11, 36, 3, 15, 41, 1, 39, 40, 33, 0, 16, 45, 14, 49, 21, 25, 23, 44, 43, 28, 10, 51]
4		26088.776819700797		[32, 34, 50, 2, 17, 30, 47, 13, 46, 24, 5, 4, 7, 19, 18, 48, 22, 8, 20, 42, 37, 6, 26, 31, 9, 35, 12, 27, 29, 38, 11, 36, 3, 15, 41, 1, 39, 40, 33, 0, 16, 45, 14, 49, 21, 25, 23, 44, 43, 28, 10, 51]
5		25895.684765084126		[34, 32, 50, 2, 17, 30, 47, 13, 46, 24, 5, 4, 7, 19, 18, 48, 22, 8, 20, 42, 37, 6, 26, 31, 9, 35, 12, 27, 29, 38, 11, 36, 3, 15, 41, 1, 39, 40, 33, 0, 16, 45, 14, 49, 21, 25, 23, 44, 43, 28, 10, 51]
6		25274.035032115327		[50, 32, 34, 2, 17, 30, 47, 13, 46, 24, 5, 4, 7, 19, 18, 48, 22, 8, 20, 42, 37, 6, 26, 31, 9, 35, 12, 27, 29, 38, 11, 36, 3, 15, 41, 1, 39, 40, 33, 0, 16, 45, 14, 49, 21, 25, 23, 44, 43, 28, 10, 51]
7		25210.066701291275		[32, 50, 34, 2, 17, 30, 47, 13, 46, 24, 5, 4, 7, 19, 18, 48, 22, 8, 20, 42, 37, 6, 26, 31, 9, 35, 12, 27, 29, 38, 11, 36, 3, 15, 41, 1, 39, 40, 33, 0, 16, 45, 14, 49, 21, 25, 23, 44, 43, 28, 10, 51]
8		25191.031254425034		[32, 47, 34, 2, 17, 30, 50, 13, 46, 24, 5, 4, 7, 19, 18, 48, 22, 8, 20, 42, 37, 6, 26, 31, 9, 35, 12, 27, 29, 38, 11, 36, 3, 15, 41, 1, 39, 40, 33, 0, 16, 45, 14, 49, 21, 25, 23, 44, 43, 28, 10, 51]
9		25116.63763666037		[19, 47, 34, 2, 17, 30, 50, 13, 46, 24, 5, 4, 7, 32, 18, 48, 22, 8, 20, 42, 37, 6, 26, 31, 9, 35, 12, 27, 29, 38, 11, 36, 3, 15, 41, 1, 39, 40, 33, 0, 16, 45, 14, 49, 21, 25, 23, 44, 43, 28, 10, 51]
10		24865.289678376288		[50, 47, 34, 2, 17, 30, 19, 13, 46, 24, 5, 4, 7, 32, 18, 48, 22, 8, 20, 42, 37, 6, 26, 31, 9, 35, 12, 27, 29, 38, 11, 36, 3, 15, 41, 1, 39, 40, 33, 0, 16, 45, 14, 49, 21, 25, 23, 44, 43, 28, 10, 51]
11		24696.481643772033		[7, 47, 34, 2, 17, 30, 19, 13, 46, 24, 5, 4, 50, 32, 18, 48, 22, 8, 20, 42, 37, 6, 26, 31, 9, 35, 12, 27, 29, 38, 11, 36, 3, 15, 41, 1, 39, 40, 33, 0, 16, 45, 14, 49, 21, 25, 23, 44, 43, 28, 10, 51]
12		24630.87579195635		[34, 47, 7, 2, 17, 30, 19, 13, 46, 24, 5, 4, 50, 32, 18, 48, 22, 8, 20, 42, 37, 6, 26, 31, 9, 35, 12, 27, 29, 38, 11, 36, 3, 15, 41, 1, 39, 40, 33, 0, 16, 45, 14, 49, 21, 25, 23, 44, 43, 28, 10, 51]
13		24571.2343195554		[47, 34, 7, 2, 17, 30, 19, 13, 46, 24, 5, 4, 50, 32, 18, 48, 22, 8, 20, 42, 37, 6, 26, 31, 9, 35, 12, 27, 29, 38, 11, 36, 3, 15, 41, 1, 39, 40, 33, 0, 16, 45, 14, 49, 21, 25, 23, 44, 43, 28, 10, 51]
14		24530.670696893227		[22, 34, 7, 2, 17, 30, 19, 13, 46, 24, 5, 4, 50, 32, 18, 48, 47, 8, 20, 42, 37, 6, 26, 31, 9, 35, 12, 27, 29, 38, 11, 36, 3, 15, 41, 1, 39, 40, 33, 0, 16, 45, 14, 49, 21, 25, 23, 44, 43, 28, 10, 51]
15		24528.50027282984		[19, 34, 7, 2, 17, 30, 22, 13, 46, 24, 5, 4, 50, 32, 18, 48, 47, 8, 20, 42, 37, 6, 26, 31, 9, 35, 12, 27, 29, 38, 11, 36, 3, 15, 41, 1, 39, 40, 33, 0, 16, 45, 14, 49, 21, 25, 23, 44, 43, 28, 10, 51]
16		24118.25588221765		[8, 34, 7, 2, 17, 30, 22, 13, 46, 24, 5, 4, 50, 32, 18, 48, 47, 19, 20, 42, 37, 6, 26, 31, 9, 35, 12, 27, 29, 38, 11, 36, 3, 15, 41, 1, 39, 40, 33, 0, 16, 45, 14, 49, 21, 25, 23, 44, 43, 28, 10, 51]
17		23866.235718100033		[34, 8, 7, 2, 17, 30, 22, 13, 46, 24, 5, 4, 50, 32, 18, 48, 47, 19, 20, 42, 37, 6, 26, 31, 9, 35, 12, 27, 29, 38, 11, 36, 3, 15, 41, 1, 39, 40, 33, 0, 16, 45, 14, 49, 21, 25, 23, 44, 43, 28, 10, 51]
18		23669.697720194374		[32, 8, 7, 2, 17, 30, 22, 13, 46, 24, 5, 4, 50, 34, 18, 48, 47, 19, 20, 42, 37, 6, 26, 31, 9, 35, 12, 27, 29, 38, 11, 36, 3, 15, 41, 1, 39, 40, 33, 0, 16, 45, 14, 49, 21, 25, 23, 44, 43, 28, 10, 51]
19		23510.35460899529		[6, 8, 7, 2, 17, 30, 22, 13, 46, 24, 5, 4, 50, 34, 18, 48, 47, 19, 20, 42, 37, 32, 26, 31, 9, 35, 12, 27, 29, 38, 11, 36, 3, 15, 41, 1, 39, 40, 33, 0, 16, 45, 14, 49, 21, 25, 23, 44, 43, 28, 10, 51]
20		23021.16614093334		[42, 8, 7, 2, 17, 30, 22, 13, 46, 24, 5, 4, 50, 34, 18, 48, 47, 19, 20, 6, 37, 32, 26, 31, 9, 35, 12, 27, 29, 38, 11, 36, 3, 15, 41, 1, 39, 40, 33, 0, 16, 45, 14, 49, 21, 25, 23, 44, 43, 28, 10, 51]
21		22989.91830970428		[50, 8, 7, 2, 17, 30, 22, 13, 46, 24, 5, 4, 42, 34, 18, 48, 47, 19, 20, 6, 37, 32, 26, 31, 9, 35, 12, 27, 29, 38, 11, 36, 3, 15, 41, 1, 39, 40, 33, 0, 16, 45, 14, 49, 21, 25, 23, 44, 43, 28, 10, 51]
22		22150.779955686376		[32, 8, 7, 2, 17, 30, 22, 13, 46, 24, 5, 4, 42, 34, 18, 48, 47, 19, 20, 6, 37, 50, 26, 31, 9, 35, 12, 27, 29, 38, 11, 36, 3, 15, 41, 1, 39, 40, 33, 0, 16, 45, 14, 49, 21, 25, 23, 44, 43, 28, 10, 51]
23		22150.55477842551		[9, 8, 7, 2, 17, 30, 22, 13, 46, 24, 5, 4, 42, 34, 18, 48, 47, 19, 20, 6, 37, 50, 26, 31, 32, 35, 12, 27, 29, 38, 11, 36, 3, 15, 41, 1, 39, 40, 33, 0, 16, 45, 14, 49, 21, 25, 23, 44, 43, 28, 10, 51]
24		22147.462303115783		[8, 9, 7, 2, 17, 30, 22, 13, 46, 24, 5, 4, 42, 34, 18, 48, 47, 19, 20, 6, 37, 50, 26, 31, 32, 35, 12, 27, 29, 38, 11, 36, 3, 15, 41, 1, 39, 40, 33, 0, 16, 45, 14, 49, 21, 25, 23, 44, 43, 28, 10, 51]
25		22077.142373304865		[8, 9, 7, 39, 17, 30, 22, 13, 46, 24, 5, 4, 42, 34, 18, 48, 47, 19, 20, 6, 37, 50, 26, 31, 32, 35, 12, 27, 29, 38, 11, 36, 3, 15, 41, 1, 2, 40, 33, 0, 16, 45, 14, 49, 21, 25, 23, 44, 43, 28, 10, 51]
26		21882.640164267486		[8, 9, 34, 39, 17, 30, 22, 13, 46, 24, 5, 4, 42, 7, 18, 48, 47, 19, 20, 6, 37, 50, 26, 31, 32, 35, 12, 27, 29, 38, 11, 36, 3, 15, 41, 1, 2, 40, 33, 0, 16, 45, 14, 49, 21, 25, 23, 44, 43, 28, 10, 51]
27		21877.799994393798		[8, 31, 34, 39, 17, 30, 22, 13, 46, 24, 5, 4, 42, 7, 18, 48, 47, 19, 20, 6, 37, 50, 26, 9, 32, 35, 12, 27, 29, 38, 11, 36, 3, 15, 41, 1, 2, 40, 33, 0, 16, 45, 14, 49, 21, 25, 23, 44, 43, 28, 10, 51]
28		21850.731868897627		[48, 31, 34, 39, 17, 30, 22, 13, 46, 24, 5, 4, 42, 7, 18, 8, 47, 19, 20, 6, 37, 50, 26, 9, 32, 35, 12, 27, 29, 38, 11, 36, 3, 15, 41, 1, 2, 40, 33, 0, 16, 45, 14, 49, 21, 25, 23, 44, 43, 28, 10, 51]
29		21805.78785824675		[31, 48, 34, 39, 17, 30, 22, 13, 46, 24, 5, 4, 42, 7, 18, 8, 47, 19, 20, 6, 37, 50, 26, 9, 32, 35, 12, 27, 29, 38, 11, 36, 3, 15, 41, 1, 2, 40, 33, 0, 16, 45, 14, 49, 21, 25, 23, 44, 43, 28, 10, 51]
30		21767.631987807545		[39, 48, 34, 31, 17, 30, 22, 13, 46, 24, 5, 4, 42, 7, 18, 8, 47, 19, 20, 6, 37, 50, 26, 9, 32, 35, 12, 27, 29, 38, 11, 36, 3, 15, 41, 1, 2, 40, 33, 0, 16, 45, 14, 49, 21, 25, 23, 44, 43, 28, 10, 51]
31		21652.26245862418		[8, 48, 34, 31, 17, 30, 22, 13, 46, 24, 5, 4, 42, 7, 18, 39, 47, 19, 20, 6, 37, 50, 26, 9, 32, 35, 12, 27, 29, 38, 11, 36, 3, 15, 41, 1, 2, 40, 33, 0, 16, 45, 14, 49, 21, 25, 23, 44, 43, 28, 10, 51]
32		21642.951880289307		[42, 48, 34, 31, 17, 30, 22, 13, 46, 24, 5, 4, 8, 7, 18, 39, 47, 19, 20, 6, 37, 50, 26, 9, 32, 35, 12, 27, 29, 38, 11, 36, 3, 15, 41, 1, 2, 40, 33, 0, 16, 45, 14, 49, 21, 25, 23, 44, 43, 28, 10, 51]
33		21515.911122817222		[4, 48, 34, 31, 17, 30, 22, 13, 46, 24, 5, 42, 8, 7, 18, 39, 47, 19, 20, 6, 37, 50, 26, 9, 32, 35, 12, 27, 29, 38, 11, 36, 3, 15, 41, 1, 2, 40, 33, 0, 16, 45, 14, 49, 21, 25, 23, 44, 43, 28, 10, 51]
34		21462.298049839075		[39, 48, 34, 31, 17, 30, 22, 13, 46, 24, 5, 42, 8, 7, 18, 4, 47, 19, 20, 6, 37, 50, 26, 9, 32, 35, 12, 27, 29, 38, 11, 36, 3, 15, 41, 1, 2, 40, 33, 0, 16, 45, 14, 49, 21, 25, 23, 44, 43, 28, 10, 51]
35		21301.74144756288		[6, 48, 34, 31, 17, 30, 22, 13, 46, 24, 5, 42, 8, 7, 18, 4, 47, 19, 20, 39, 37, 50, 26, 9, 32, 35, 12, 27, 29, 38, 11, 36, 3, 15, 41, 1, 2, 40, 33, 0, 16, 45, 14, 49, 21, 25, 23, 44, 43, 28, 10, 51]
36		20960.607464543635		[15, 48, 34, 31, 17, 30, 22, 13, 46, 24, 5, 42, 8, 7, 18, 4, 47, 19, 20, 39, 37, 50, 26, 9, 32, 35, 12, 27, 29, 38, 11, 36, 3, 6, 41, 1, 2, 40, 33, 0, 16, 45, 14, 49, 21, 25, 23, 44, 43, 28, 10, 51]
37		20884.25029084349		[22, 48, 34, 31, 17, 30, 15, 13, 46, 24, 5, 42, 8, 7, 18, 4, 47, 19, 20, 39, 37, 50, 26, 9, 32, 35, 12, 27, 29, 38, 11, 36, 3, 6, 41, 1, 2, 40, 33, 0, 16, 45, 14, 49, 21, 25, 23, 44, 43, 28, 10, 51]
38		20879.28619883158		[30, 48, 34, 31, 17, 22, 15, 13, 46, 24, 5, 42, 8, 7, 18, 4, 47, 19, 20, 39, 37, 50, 26, 9, 32, 35, 12, 27, 29, 38, 11, 36, 3, 6, 41, 1, 2, 40, 33, 0, 16, 45, 14, 49, 21, 25, 23, 44, 43, 28, 10, 51]
39		20786.471503692566		[31, 48, 34, 30, 17, 22, 15, 13, 46, 24, 5, 42, 8, 7, 18, 4, 47, 19, 20, 39, 37, 50, 26, 9, 32, 35, 12, 27, 29, 38, 11, 36, 3, 6, 41, 1, 2, 40, 33, 0, 16, 45, 14, 49, 21, 25, 23, 44, 43, 28, 10, 51]
40		20708.5354161149		[34, 48, 31, 30, 17, 22, 15, 13, 46, 24, 5, 42, 8, 7, 18, 4, 47, 19, 20, 39, 37, 50, 26, 9, 32, 35, 12, 27, 29, 38, 11, 36, 3, 6, 41, 1, 2, 40, 33, 0, 16, 45, 14, 49, 21, 25, 23, 44, 43, 28, 10, 51]
41		20547.91817125463		[20, 48, 31, 30, 17, 22, 15, 13, 46, 24, 5, 42, 8, 7, 18, 4, 47, 19, 34, 39, 37, 50, 26, 9, 32, 35, 12, 27, 29, 38, 11, 36, 3, 6, 41, 1, 2, 40, 33, 0, 16, 45, 14, 49, 21, 25, 23, 44, 43, 28, 10, 51]
42		20507.852393167148		[31, 48, 20, 30, 17, 22, 15, 13, 46, 24, 5, 42, 8, 7, 18, 4, 47, 19, 34, 39, 37, 50, 26, 9, 32, 35, 12, 27, 29, 38, 11, 36, 3, 6, 41, 1, 2, 40, 33, 0, 16, 45, 14, 49, 21, 25, 23, 44, 43, 28, 10, 51]
43		20503.469353899643		[48, 31, 20, 30, 17, 22, 15, 13, 46, 24, 5, 42, 8, 7, 18, 4, 47, 19, 34, 39, 37, 50, 26, 9, 32, 35, 12, 27, 29, 38, 11, 36, 3, 6, 41, 1, 2, 40, 33, 0, 16, 45, 14, 49, 21, 25, 23, 44, 43, 28, 10, 51]
44		20438.421991209074		[19, 31, 20, 30, 17, 22, 15, 13, 46, 24, 5, 42, 8, 7, 18, 4, 47, 48, 34, 39, 37, 50, 26, 9, 32, 35, 12, 27, 29, 38, 11, 36, 3, 6, 41, 1, 2, 40, 33, 0, 16, 45, 14, 49, 21, 25, 23, 44, 43, 28, 10, 51]
45		20376.95299403437		[31, 19, 20, 30, 17, 22, 15, 13, 46, 24, 5, 42, 8, 7, 18, 4, 47, 48, 34, 39, 37, 50, 26, 9, 32, 35, 12, 27, 29, 38, 11, 36, 3, 6, 41, 1, 2, 40, 33, 0, 16, 45, 14, 49, 21, 25, 23, 44, 43, 28, 10, 51]
46		20186.152091185166		[22, 19, 20, 30, 17, 31, 15, 13, 46, 24, 5, 42, 8, 7, 18, 4, 47, 48, 34, 39, 37, 50, 26, 9, 32, 35, 12, 27, 29, 38, 11, 36, 3, 6, 41, 1, 2, 40, 33, 0, 16, 45, 14, 49, 21, 25, 23, 44, 43, 28, 10, 51]
47		20094.399742564176		[19, 22, 20, 30, 17, 31, 15, 13, 46, 24, 5, 42, 8, 7, 18, 4, 47, 48, 34, 39, 37, 50, 26, 9, 32, 35, 12, 27, 29, 38, 11, 36, 3, 6, 41, 1, 2, 40, 33, 0, 16, 45, 14, 49, 21, 25, 23, 44, 43, 28, 10, 51]
48		19836.448439185868		[29, 22, 20, 30, 17, 31, 15, 13, 46, 24, 5, 42, 8, 7, 18, 4, 47, 48, 34, 39, 37, 50, 26, 9, 32, 35, 12, 27, 19, 38, 11, 36, 3, 6, 41, 1, 2, 40, 33, 0, 16, 45, 14, 49, 21, 25, 23, 44, 43, 28, 10, 51]
49		19778.769410331784		[16, 22, 20, 30, 17, 31, 15, 13, 46, 24, 5, 42, 8, 7, 18, 4, 47, 48, 34, 39, 37, 50, 26, 9, 32, 35, 12, 27, 19, 38, 11, 36, 3, 6, 41, 1, 2, 40, 33, 0, 29, 45, 14, 49, 21, 25, 23, 44, 43, 28, 10, 51]
50		19760.375993169153		[3, 22, 20, 30, 17, 31, 15, 13, 46, 24, 5, 42, 8, 7, 18, 4, 47, 48, 34, 39, 37, 50, 26, 9, 32, 35, 12, 27, 19, 38, 11, 36, 16, 6, 41, 1, 2, 40, 33, 0, 29, 45, 14, 49, 21, 25, 23, 44, 43, 28, 10, 51]
51		19524.490890938338		[15, 22, 20, 30, 17, 31, 3, 13, 46, 24, 5, 42, 8, 7, 18, 4, 47, 48, 34, 39, 37, 50, 26, 9, 32, 35, 12, 27, 19, 38, 11, 36, 16, 6, 41, 1, 2, 40, 33, 0, 29, 45, 14, 49, 21, 25, 23, 44, 43, 28, 10, 51]
52		19155.901730596102		[19, 22, 20, 30, 17, 31, 3, 13, 46, 24, 5, 42, 8, 7, 18, 4, 47, 48, 34, 39, 37, 50, 26, 9, 32, 35, 12, 27, 15, 38, 11, 36, 16, 6, 41, 1, 2, 40, 33, 0, 29, 45, 14, 49, 21, 25, 23, 44, 43, 28, 10, 51]
53		18904.977864213666		[29, 22, 20, 30, 17, 31, 3, 13, 46, 24, 5, 42, 8, 7, 18, 4, 47, 48, 34, 39, 37, 50, 26, 9, 32, 35, 12, 27, 15, 38, 11, 36, 16, 6, 41, 1, 2, 40, 33, 0, 19, 45, 14, 49, 21, 25, 23, 44, 43, 28, 10, 51]
54		18869.554056162386		[29, 22, 20, 30, 17, 11, 3, 13, 46, 24, 5, 42, 8, 7, 18, 4, 47, 48, 34, 39, 37, 50, 26, 9, 32, 35, 12, 27, 15, 38, 31, 36, 16, 6, 41, 1, 2, 40, 33, 0, 19, 45, 14, 49, 21, 25, 23, 44, 43, 28, 10, 51]
55		18392.241661422267		[29, 22, 20, 30, 36, 11, 3, 13, 46, 24, 5, 42, 8, 7, 18, 4, 47, 48, 34, 39, 37, 50, 26, 9, 32, 35, 12, 27, 15, 38, 31, 17, 16, 6, 41, 1, 2, 40, 33, 0, 19, 45, 14, 49, 21, 25, 23, 44, 43, 28, 10, 51]
56		18358.688800993572		[29, 22, 20, 33, 36, 11, 3, 13, 46, 24, 5, 42, 8, 7, 18, 4, 47, 48, 34, 39, 37, 50, 26, 9, 32, 35, 12, 27, 15, 38, 31, 17, 16, 6, 41, 1, 2, 40, 30, 0, 19, 45, 14, 49, 21, 25, 23, 44, 43, 28, 10, 51]
57		18279.756935785754		[29, 20, 22, 33, 36, 11, 3, 13, 46, 24, 5, 42, 8, 7, 18, 4, 47, 48, 34, 39, 37, 50, 26, 9, 32, 35, 12, 27, 15, 38, 31, 17, 16, 6, 41, 1, 2, 40, 30, 0, 19, 45, 14, 49, 21, 25, 23, 44, 43, 28, 10, 51]
58		18272.17600215241		[20, 29, 22, 33, 36, 11, 3, 13, 46, 24, 5, 42, 8, 7, 18, 4, 47, 48, 34, 39, 37, 50, 26, 9, 32, 35, 12, 27, 15, 38, 31, 17, 16, 6, 41, 1, 2, 40, 30, 0, 19, 45, 14, 49, 21, 25, 23, 44, 43, 28, 10, 51]
59		18247.64531308395		[1, 29, 22, 33, 36, 11, 3, 13, 46, 24, 5, 42, 8, 7, 18, 4, 47, 48, 34, 39, 37, 50, 26, 9, 32, 35, 12, 27, 15, 38, 31, 17, 16, 6, 41, 20, 2, 40, 30, 0, 19, 45, 14, 49, 21, 25, 23, 44, 43, 28, 10, 51]
60		18243.744220881927		[41, 29, 22, 33, 36, 11, 3, 13, 46, 24, 5, 42, 8, 7, 18, 4, 47, 48, 34, 39, 37, 50, 26, 9, 32, 35, 12, 27, 15, 38, 31, 17, 16, 6, 1, 20, 2, 40, 30, 0, 19, 45, 14, 49, 21, 25, 23, 44, 43, 28, 10, 51]
61		18141.782598443748		[20, 29, 22, 33, 36, 11, 3, 13, 46, 24, 5, 42, 8, 7, 18, 4, 47, 48, 34, 39, 37, 50, 26, 9, 32, 35, 12, 27, 15, 38, 31, 17, 16, 6, 1, 41, 2, 40, 30, 0, 19, 45, 14, 49, 21, 25, 23, 44, 43, 28, 10, 51]
62		18072.933060142037		[20, 29, 0, 33, 36, 11, 3, 13, 46, 24, 5, 42, 8, 7, 18, 4, 47, 48, 34, 39, 37, 50, 26, 9, 32, 35, 12, 27, 15, 38, 31, 17, 16, 6, 1, 41, 2, 40, 30, 22, 19, 45, 14, 49, 21, 25, 23, 44, 43, 28, 10, 51]
63		17999.786957102333		[29, 20, 0, 33, 36, 11, 3, 13, 46, 24, 5, 42, 8, 7, 18, 4, 47, 48, 34, 39, 37, 50, 26, 9, 32, 35, 12, 27, 15, 38, 31, 17, 16, 6, 1, 41, 2, 40, 30, 22, 19, 45, 14, 49, 21, 25, 23, 44, 43, 28, 10, 51]
64		17836.561081410207		[29, 20, 49, 33, 36, 11, 3, 13, 46, 24, 5, 42, 8, 7, 18, 4, 47, 48, 34, 39, 37, 50, 26, 9, 32, 35, 12, 27, 15, 38, 31, 17, 16, 6, 1, 41, 2, 40, 30, 22, 19, 45, 14, 0, 21, 25, 23, 44, 43, 28, 10, 51]
65		17738.664147673495		[20, 29, 49, 33, 36, 11, 3, 13, 46, 24, 5, 42, 8, 7, 18, 4, 47, 48, 34, 39, 37, 50, 26, 9, 32, 35, 12, 27, 15, 38, 31, 17, 16, 6, 1, 41, 2, 40, 30, 22, 19, 45, 14, 0, 21, 25, 23, 44, 43, 28, 10, 51]
66		17729.08026978541		[20, 29, 19, 33, 36, 11, 3, 13, 46, 24, 5, 42, 8, 7, 18, 4, 47, 48, 34, 39, 37, 50, 26, 9, 32, 35, 12, 27, 15, 38, 31, 17, 16, 6, 1, 41, 2, 40, 30, 22, 49, 45, 14, 0, 21, 25, 23, 44, 43, 28, 10, 51]
67		17669.594978758494		[20, 29, 19, 48, 36, 11, 3, 13, 46, 24, 5, 42, 8, 7, 18, 4, 47, 33, 34, 39, 37, 50, 26, 9, 32, 35, 12, 27, 15, 38, 31, 17, 16, 6, 1, 41, 2, 40, 30, 22, 49, 45, 14, 0, 21, 25, 23, 44, 43, 28, 10, 51]
68		17631.913236017655		[20, 29, 22, 48, 36, 11, 3, 13, 46, 24, 5, 42, 8, 7, 18, 4, 47, 33, 34, 39, 37, 50, 26, 9, 32, 35, 12, 27, 15, 38, 31, 17, 16, 6, 1, 41, 2, 40, 30, 19, 49, 45, 14, 0, 21, 25, 23, 44, 43, 28, 10, 51]
69		17522.030262779597		[20, 29, 22, 38, 36, 11, 3, 13, 46, 24, 5, 42, 8, 7, 18, 4, 47, 33, 34, 39, 37, 50, 26, 9, 32, 35, 12, 27, 15, 48, 31, 17, 16, 6, 1, 41, 2, 40, 30, 19, 49, 45, 14, 0, 21, 25, 23, 44, 43, 28, 10, 51]
70		17503.03590919235		[20, 29, 22, 33, 36, 11, 3, 13, 46, 24, 5, 42, 8, 7, 18, 4, 47, 38, 34, 39, 37, 50, 26, 9, 32, 35, 12, 27, 15, 48, 31, 17, 16, 6, 1, 41, 2, 40, 30, 19, 49, 45, 14, 0, 21, 25, 23, 44, 43, 28, 10, 51]
71		17502.80297630436		[20, 29, 19, 33, 36, 11, 3, 13, 46, 24, 5, 42, 8, 7, 18, 4, 47, 38, 34, 39, 37, 50, 26, 9, 32, 35, 12, 27, 15, 48, 31, 17, 16, 6, 1, 41, 2, 40, 30, 22, 49, 45, 14, 0, 21, 25, 23, 44, 43, 28, 10, 51]
72		17455.48303651383		[20, 29, 19, 15, 36, 11, 3, 13, 46, 24, 5, 42, 8, 7, 18, 4, 47, 38, 34, 39, 37, 50, 26, 9, 32, 35, 12, 27, 33, 48, 31, 17, 16, 6, 1, 41, 2, 40, 30, 22, 49, 45, 14, 0, 21, 25, 23, 44, 43, 28, 10, 51]
73		17443.166619662145		[20, 29, 49, 15, 36, 11, 3, 13, 46, 24, 5, 42, 8, 7, 18, 4, 47, 38, 34, 39, 37, 50, 26, 9, 32, 35, 12, 27, 33, 48, 31, 17, 16, 6, 1, 41, 2, 40, 30, 22, 19, 45, 14, 0, 21, 25, 23, 44, 43, 28, 10, 51]
74		17411.001288183925		[20, 29, 28, 15, 36, 11, 3, 13, 46, 24, 5, 42, 8, 7, 18, 4, 47, 38, 34, 39, 37, 50, 26, 9, 32, 35, 12, 27, 33, 48, 31, 17, 16, 6, 1, 41, 2, 40, 30, 22, 19, 45, 14, 0, 21, 25, 23, 44, 43, 49, 10, 51]
75		17364.017829372337		[20, 29, 28, 25, 36, 11, 3, 13, 46, 24, 5, 42, 8, 7, 18, 4, 47, 38, 34, 39, 37, 50, 26, 9, 32, 35, 12, 27, 33, 48, 31, 17, 16, 6, 1, 41, 2, 40, 30, 22, 19, 45, 14, 0, 21, 15, 23, 44, 43, 49, 10, 51]
76		17133.10972696167		[20, 29, 28, 36, 25, 11, 3, 13, 46, 24, 5, 42, 8, 7, 18, 4, 47, 38, 34, 39, 37, 50, 26, 9, 32, 35, 12, 27, 33, 48, 31, 17, 16, 6, 1, 41, 2, 40, 30, 22, 19, 45, 14, 0, 21, 15, 23, 44, 43, 49, 10, 51]
77		17097.01893658597		[20, 29, 49, 36, 25, 11, 3, 13, 46, 24, 5, 42, 8, 7, 18, 4, 47, 38, 34, 39, 37, 50, 26, 9, 32, 35, 12, 27, 33, 48, 31, 17, 16, 6, 1, 41, 2, 40, 30, 22, 19, 45, 14, 0, 21, 15, 23, 44, 43, 28, 10, 51]
78		17092.163826961423		[20, 29, 19, 36, 25, 11, 3, 13, 46, 24, 5, 42, 8, 7, 18, 4, 47, 38, 34, 39, 37, 50, 26, 9, 32, 35, 12, 27, 33, 48, 31, 17, 16, 6, 1, 41, 2, 40, 30, 22, 49, 45, 14, 0, 21, 15, 23, 44, 43, 28, 10, 51]
79		17084.80108947609		[20, 29, 43, 36, 25, 11, 3, 13, 46, 24, 5, 42, 8, 7, 18, 4, 47, 38, 34, 39, 37, 50, 26, 9, 32, 35, 12, 27, 33, 48, 31, 17, 16, 6, 1, 41, 2, 40, 30, 22, 49, 45, 14, 0, 21, 15, 23, 44, 19, 28, 10, 51]
80		17064.989500544645		[20, 29, 49, 36, 25, 11, 3, 13, 46, 24, 5, 42, 8, 7, 18, 4, 47, 38, 34, 39, 37, 50, 26, 9, 32, 35, 12, 27, 33, 48, 31, 17, 16, 6, 1, 41, 2, 40, 30, 22, 43, 45, 14, 0, 21, 15, 23, 44, 19, 28, 10, 51]
81		17029.447015164405		[20, 29, 44, 36, 25, 11, 3, 13, 46, 24, 5, 42, 8, 7, 18, 4, 47, 38, 34, 39, 37, 50, 26, 9, 32, 35, 12, 27, 33, 48, 31, 17, 16, 6, 1, 41, 2, 40, 30, 22, 43, 45, 14, 0, 21, 15, 23, 49, 19, 28, 10, 51]
82		16879.179060284303		[29, 20, 44, 36, 25, 11, 3, 13, 46, 24, 5, 42, 8, 7, 18, 4, 47, 38, 34, 39, 37, 50, 26, 9, 32, 35, 12, 27, 33, 48, 31, 17, 16, 6, 1, 41, 2, 40, 30, 22, 43, 45, 14, 0, 21, 15, 23, 49, 19, 28, 10, 51]
83		16866.037367602075		[29, 40, 44, 36, 25, 11, 3, 13, 46, 24, 5, 42, 8, 7, 18, 4, 47, 38, 34, 39, 37, 50, 26, 9, 32, 35, 12, 27, 33, 48, 31, 17, 16, 6, 1, 41, 2, 20, 30, 22, 43, 45, 14, 0, 21, 15, 23, 49, 19, 28, 10, 51]
84		16643.34415811153		[16, 40, 44, 36, 25, 11, 3, 13, 46, 24, 5, 42, 8, 7, 18, 4, 47, 38, 34, 39, 37, 50, 26, 9, 32, 35, 12, 27, 33, 48, 31, 17, 29, 6, 1, 41, 2, 20, 30, 22, 43, 45, 14, 0, 21, 15, 23, 49, 19, 28, 10, 51]
85		16270.17648249136		[2, 40, 44, 36, 25, 11, 3, 13, 46, 24, 5, 42, 8, 7, 18, 4, 47, 38, 34, 39, 37, 50, 26, 9, 32, 35, 12, 27, 33, 48, 31, 17, 29, 6, 1, 41, 16, 20, 30, 22, 43, 45, 14, 0, 21, 15, 23, 49, 19, 28, 10, 51]
86		16156.451089372536		[2, 18, 44, 36, 25, 11, 3, 13, 46, 24, 5, 42, 8, 7, 40, 4, 47, 38, 34, 39, 37, 50, 26, 9, 32, 35, 12, 27, 33, 48, 31, 17, 29, 6, 1, 41, 16, 20, 30, 22, 43, 45, 14, 0, 21, 15, 23, 49, 19, 28, 10, 51]
87		16140.485595302967		[2, 18, 44, 47, 25, 11, 3, 13, 46, 24, 5, 42, 8, 7, 40, 4, 36, 38, 34, 39, 37, 50, 26, 9, 32, 35, 12, 27, 33, 48, 31, 17, 29, 6, 1, 41, 16, 20, 30, 22, 43, 45, 14, 0, 21, 15, 23, 49, 19, 28, 10, 51]
88		16066.40352672351		[2, 18, 4, 47, 25, 11, 3, 13, 46, 24, 5, 42, 8, 7, 40, 44, 36, 38, 34, 39, 37, 50, 26, 9, 32, 35, 12, 27, 33, 48, 31, 17, 29, 6, 1, 41, 16, 20, 30, 22, 43, 45, 14, 0, 21, 15, 23, 49, 19, 28, 10, 51]
89		16010.157815339151		[2, 44, 4, 47, 25, 11, 3, 13, 46, 24, 5, 42, 8, 7, 40, 18, 36, 38, 34, 39, 37, 50, 26, 9, 32, 35, 12, 27, 33, 48, 31, 17, 29, 6, 1, 41, 16, 20, 30, 22, 43, 45, 14, 0, 21, 15, 23, 49, 19, 28, 10, 51]
90		15886.080507482116		[2, 36, 4, 47, 25, 11, 3, 13, 46, 24, 5, 42, 8, 7, 40, 18, 44, 38, 34, 39, 37, 50, 26, 9, 32, 35, 12, 27, 33, 48, 31, 17, 29, 6, 1, 41, 16, 20, 30, 22, 43, 45, 14, 0, 21, 15, 23, 49, 19, 28, 10, 51]
91		15790.677853678311		[38, 36, 4, 47, 25, 11, 3, 13, 46, 24, 5, 42, 8, 7, 40, 18, 44, 2, 34, 39, 37, 50, 26, 9, 32, 35, 12, 27, 33, 48, 31, 17, 29, 6, 1, 41, 16, 20, 30, 22, 43, 45, 14, 0, 21, 15, 23, 49, 19, 28, 10, 51]
92		15789.377064605307		[34, 36, 4, 47, 25, 11, 3, 13, 46, 24, 5, 42, 8, 7, 40, 18, 44, 2, 38, 39, 37, 50, 26, 9, 32, 35, 12, 27, 33, 48, 31, 17, 29, 6, 1, 41, 16, 20, 30, 22, 43, 45, 14, 0, 21, 15, 23, 49, 19, 28, 10, 51]
93		15701.58826556523		[32, 36, 4, 47, 25, 11, 3, 13, 46, 24, 5, 42, 8, 7, 40, 18, 44, 2, 38, 39, 37, 50, 26, 9, 34, 35, 12, 27, 33, 48, 31, 17, 29, 6, 1, 41, 16, 20, 30, 22, 43, 45, 14, 0, 21, 15, 23, 49, 19, 28, 10, 51]
94		15606.610631334497		[37, 36, 4, 47, 25, 11, 3, 13, 46, 24, 5, 42, 8, 7, 40, 18, 44, 2, 38, 39, 32, 50, 26, 9, 34, 35, 12, 27, 33, 48, 31, 17, 29, 6, 1, 41, 16, 20, 30, 22, 43, 45, 14, 0, 21, 15, 23, 49, 19, 28, 10, 51]
95		15570.136548047745		[36, 37, 4, 47, 25, 11, 3, 13, 46, 24, 5, 42, 8, 7, 40, 18, 44, 2, 38, 39, 32, 50, 26, 9, 34, 35, 12, 27, 33, 48, 31, 17, 29, 6, 1, 41, 16, 20, 30, 22, 43, 45, 14, 0, 21, 15, 23, 49, 19, 28, 10, 51]
96		15152.578072338918		[9, 37, 4, 47, 25, 11, 3, 13, 46, 24, 5, 42, 8, 7, 40, 18, 44, 2, 38, 39, 32, 50, 26, 36, 34, 35, 12, 27, 33, 48, 31, 17, 29, 6, 1, 41, 16, 20, 30, 22, 43, 45, 14, 0, 21, 15, 23, 49, 19, 28, 10, 51]
97		14889.258362206087		[42, 37, 4, 47, 25, 11, 3, 13, 46, 24, 5, 9, 8, 7, 40, 18, 44, 2, 38, 39, 32, 50, 26, 36, 34, 35, 12, 27, 33, 48, 31, 17, 29, 6, 1, 41, 16, 20, 30, 22, 43, 45, 14, 0, 21, 15, 23, 49, 19, 28, 10, 51]
98		14703.890404183701		[5, 37, 4, 47, 25, 11, 3, 13, 46, 24, 42, 9, 8, 7, 40, 18, 44, 2, 38, 39, 32, 50, 26, 36, 34, 35, 12, 27, 33, 48, 31, 17, 29, 6, 1, 41, 16, 20, 30, 22, 43, 45, 14, 0, 21, 15, 23, 49, 19, 28, 10, 51]
99		14688.2555481071		[37, 5, 4, 47, 25, 11, 3, 13, 46, 24, 42, 9, 8, 7, 40, 18, 44, 2, 38, 39, 32, 50, 26, 36, 34, 35, 12, 27, 33, 48, 31, 17, 29, 6, 1, 41, 16, 20, 30, 22, 43, 45, 14, 0, 21, 15, 23, 49, 19, 28, 10, 51]
100		14639.668535437571		[32, 5, 4, 47, 25, 11, 3, 13, 46, 24, 42, 9, 8, 7, 40, 18, 44, 2, 38, 39, 37, 50, 26, 36, 34, 35, 12, 27, 33, 48, 31, 17, 29, 6, 1, 41, 16, 20, 30, 22, 43, 45, 14, 0, 21, 15, 23, 49, 19, 28, 10, 51]
101		14636.02809952138		[32, 5, 14, 47, 25, 11, 3, 13, 46, 24, 42, 9, 8, 7, 40, 18, 44, 2, 38, 39, 37, 50, 26, 36, 34, 35, 12, 27, 33, 48, 31, 17, 29, 6, 1, 41, 16, 20, 30, 22, 43, 45, 4, 0, 21, 15, 23, 49, 19, 28, 10, 51]
102		14635.611435039766		[32, 14, 5, 47, 25, 11, 3, 13, 46, 24, 42, 9, 8, 7, 40, 18, 44, 2, 38, 39, 37, 50, 26, 36, 34, 35, 12, 27, 33, 48, 31, 17, 29, 6, 1, 41, 16, 20, 30, 22, 43, 45, 4, 0, 21, 15, 23, 49, 19, 28, 10, 51]
103		14633.909753814036		[32, 14, 37, 47, 25, 11, 3, 13, 46, 24, 42, 9, 8, 7, 40, 18, 44, 2, 38, 39, 5, 50, 26, 36, 34, 35, 12, 27, 33, 48, 31, 17, 29, 6, 1, 41, 16, 20, 30, 22, 43, 45, 4, 0, 21, 15, 23, 49, 19, 28, 10, 51]
104		14538.148487869872		[32, 14, 4, 47, 25, 11, 3, 13, 46, 24, 42, 9, 8, 7, 40, 18, 44, 2, 38, 39, 5, 50, 26, 36, 34, 35, 12, 27, 33, 48, 31, 17, 29, 6, 1, 41, 16, 20, 30, 22, 43, 45, 37, 0, 21, 15, 23, 49, 19, 28, 10, 51]
105		14218.732717582021		[32, 14, 4, 26, 25, 11, 3, 13, 46, 24, 42, 9, 8, 7, 40, 18, 44, 2, 38, 39, 5, 50, 47, 36, 34, 35, 12, 27, 33, 48, 31, 17, 29, 6, 1, 41, 16, 20, 30, 22, 43, 45, 37, 0, 21, 15, 23, 49, 19, 28, 10, 51]
106		13724.16291466128		[32, 50, 4, 26, 25, 11, 3, 13, 46, 24, 42, 9, 8, 7, 40, 18, 44, 2, 38, 39, 5, 14, 47, 36, 34, 35, 12, 27, 33, 48, 31, 17, 29, 6, 1, 41, 16, 20, 30, 22, 43, 45, 37, 0, 21, 15, 23, 49, 19, 28, 10, 51]
107		13665.779275947965		[32, 4, 50, 26, 25, 11, 3, 13, 46, 24, 42, 9, 8, 7, 40, 18, 44, 2, 38, 39, 5, 14, 47, 36, 34, 35, 12, 27, 33, 48, 31, 17, 29, 6, 1, 41, 16, 20, 30, 22, 43, 45, 37, 0, 21, 15, 23, 49, 19, 28, 10, 51]
108		13640.538387058708		[4, 32, 50, 26, 25, 11, 3, 13, 46, 24, 42, 9, 8, 7, 40, 18, 44, 2, 38, 39, 5, 14, 47, 36, 34, 35, 12, 27, 33, 48, 31, 17, 29, 6, 1, 41, 16, 20, 30, 22, 43, 45, 37, 0, 21, 15, 23, 49, 19, 28, 10, 51]
109		13416.957497693762		[42, 32, 50, 26, 25, 11, 3, 13, 46, 24, 4, 9, 8, 7, 40, 18, 44, 2, 38, 39, 5, 14, 47, 36, 34, 35, 12, 27, 33, 48, 31, 17, 29, 6, 1, 41, 16, 20, 30, 22, 43, 45, 37, 0, 21, 15, 23, 49, 19, 28, 10, 51]
110		13317.431535749887		[42, 32, 3, 26, 25, 11, 50, 13, 46, 24, 4, 9, 8, 7, 40, 18, 44, 2, 38, 39, 5, 14, 47, 36, 34, 35, 12, 27, 33, 48, 31, 17, 29, 6, 1, 41, 16, 20, 30, 22, 43, 45, 37, 0, 21, 15, 23, 49, 19, 28, 10, 51]
111		13045.286520664758		[32, 42, 3, 26, 25, 11, 50, 13, 46, 24, 4, 9, 8, 7, 40, 18, 44, 2, 38, 39, 5, 14, 47, 36, 34, 35, 12, 27, 33, 48, 31, 17, 29, 6, 1, 41, 16, 20, 30, 22, 43, 45, 37, 0, 21, 15, 23, 49, 19, 28, 10, 51]
112		12902.403981369695		[32, 42, 12, 26, 25, 11, 50, 13, 46, 24, 4, 9, 8, 7, 40, 18, 44, 2, 38, 39, 5, 14, 47, 36, 34, 35, 3, 27, 33, 48, 31, 17, 29, 6, 1, 41, 16, 20, 30, 22, 43, 45, 37, 0, 21, 15, 23, 49, 19, 28, 10, 51]
113		12298.195508512383		[32, 27, 12, 26, 25, 11, 50, 13, 46, 24, 4, 9, 8, 7, 40, 18, 44, 2, 38, 39, 5, 14, 47, 36, 34, 35, 3, 42, 33, 48, 31, 17, 29, 6, 1, 41, 16, 20, 30, 22, 43, 45, 37, 0, 21, 15, 23, 49, 19, 28, 10, 51]
114		12240.692256766642		[32, 25, 12, 26, 27, 11, 50, 13, 46, 24, 4, 9, 8, 7, 40, 18, 44, 2, 38, 39, 5, 14, 47, 36, 34, 35, 3, 42, 33, 48, 31, 17, 29, 6, 1, 41, 16, 20, 30, 22, 43, 45, 37, 0, 21, 15, 23, 49, 19, 28, 10, 51]
115		12179.651201666777		[13, 25, 12, 26, 27, 11, 50, 32, 46, 24, 4, 9, 8, 7, 40, 18, 44, 2, 38, 39, 5, 14, 47, 36, 34, 35, 3, 42, 33, 48, 31, 17, 29, 6, 1, 41, 16, 20, 30, 22, 43, 45, 37, 0, 21, 15, 23, 49, 19, 28, 10, 51]
116		12131.18153366011		[25, 13, 12, 26, 27, 11, 50, 32, 46, 24, 4, 9, 8, 7, 40, 18, 44, 2, 38, 39, 5, 14, 47, 36, 34, 35, 3, 42, 33, 48, 31, 17, 29, 6, 1, 41, 16, 20, 30, 22, 43, 45, 37, 0, 21, 15, 23, 49, 19, 28, 10, 51]
117		12072.308273068133		[12, 13, 25, 26, 27, 11, 50, 32, 46, 24, 4, 9, 8, 7, 40, 18, 44, 2, 38, 39, 5, 14, 47, 36, 34, 35, 3, 42, 33, 48, 31, 17, 29, 6, 1, 41, 16, 20, 30, 22, 43, 45, 37, 0, 21, 15, 23, 49, 19, 28, 10, 51]
118		11930.314625512421		[13, 12, 25, 26, 27, 11, 50, 32, 46, 24, 4, 9, 8, 7, 40, 18, 44, 2, 38, 39, 5, 14, 47, 36, 34, 35, 3, 42, 33, 48, 31, 17, 29, 6, 1, 41, 16, 20, 30, 22, 43, 45, 37, 0, 21, 15, 23, 49, 19, 28, 10, 51]
119		11910.15337292101		[13, 12, 26, 25, 27, 11, 50, 32, 46, 24, 4, 9, 8, 7, 40, 18, 44, 2, 38, 39, 5, 14, 47, 36, 34, 35, 3, 42, 33, 48, 31, 17, 29, 6, 1, 41, 16, 20, 30, 22, 43, 45, 37, 0, 21, 15, 23, 49, 19, 28, 10, 51]
120		11759.949517285106		[13, 12, 46, 25, 27, 11, 50, 32, 26, 24, 4, 9, 8, 7, 40, 18, 44, 2, 38, 39, 5, 14, 47, 36, 34, 35, 3, 42, 33, 48, 31, 17, 29, 6, 1, 41, 16, 20, 30, 22, 43, 45, 37, 0, 21, 15, 23, 49, 19, 28, 10, 51]
121		11626.261209025213		[13, 12, 46, 25, 26, 11, 50, 32, 27, 24, 4, 9, 8, 7, 40, 18, 44, 2, 38, 39, 5, 14, 47, 36, 34, 35, 3, 42, 33, 48, 31, 17, 29, 6, 1, 41, 16, 20, 30, 22, 43, 45, 37, 0, 21, 15, 23, 49, 19, 28, 10, 51]
122		11620.88416001341		[13, 12, 46, 25, 26, 32, 50, 11, 27, 24, 4, 9, 8, 7, 40, 18, 44, 2, 38, 39, 5, 14, 47, 36, 34, 35, 3, 42, 33, 48, 31, 17, 29, 6, 1, 41, 16, 20, 30, 22, 43, 45, 37, 0, 21, 15, 23, 49, 19, 28, 10, 51]
123		11538.419148289277		[13, 12, 46, 25, 10, 32, 50, 11, 27, 24, 4, 9, 8, 7, 40, 18, 44, 2, 38, 39, 5, 14, 47, 36, 34, 35, 3, 42, 33, 48, 31, 17, 29, 6, 1, 41, 16, 20, 30, 22, 43, 45, 37, 0, 21, 15, 23, 49, 19, 28, 26, 51]
124		11360.810657050744		[13, 12, 26, 25, 10, 32, 50, 11, 27, 24, 4, 9, 8, 7, 40, 18, 44, 2, 38, 39, 5, 14, 47, 36, 34, 35, 3, 42, 33, 48, 31, 17, 29, 6, 1, 41, 16, 20, 30, 22, 43, 45, 37, 0, 21, 15, 23, 49, 19, 28, 46, 51]
125		11201.140091464411		[51, 12, 26, 25, 10, 32, 50, 11, 27, 24, 4, 9, 8, 7, 40, 18, 44, 2, 38, 39, 5, 14, 47, 36, 34, 35, 3, 42, 33, 48, 31, 17, 29, 6, 1, 41, 16, 20, 30, 22, 43, 45, 37, 0, 21, 15, 23, 49, 19, 28, 46, 13]
126		11146.482217537497		[51, 12, 25, 26, 10, 32, 50, 11, 27, 24, 4, 9, 8, 7, 40, 18, 44, 2, 38, 39, 5, 14, 47, 36, 34, 35, 3, 42, 33, 48, 31, 17, 29, 6, 1, 41, 16, 20, 30, 22, 43, 45, 37, 0, 21, 15, 23, 49, 19, 28, 46, 13]
127		11121.385798319383		[51, 12, 25, 26, 10, 50, 32, 11, 27, 24, 4, 9, 8, 7, 40, 18, 44, 2, 38, 39, 5, 14, 47, 36, 34, 35, 3, 42, 33, 48, 31, 17, 29, 6, 1, 41, 16, 20, 30, 22, 43, 45, 37, 0, 21, 15, 23, 49, 19, 28, 46, 13]
128		11054.71003008574		[51, 12, 25, 26, 10, 50, 32, 11, 27, 24, 5, 9, 8, 7, 40, 18, 44, 2, 38, 39, 4, 14, 47, 36, 34, 35, 3, 42, 33, 48, 31, 17, 29, 6, 1, 41, 16, 20, 30, 22, 43, 45, 37, 0, 21, 15, 23, 49, 19, 28, 46, 13]
129		10995.90709131298		[51, 12, 25, 26, 10, 50, 32, 11, 27, 24, 3, 9, 8, 7, 40, 18, 44, 2, 38, 39, 4, 14, 47, 36, 34, 35, 5, 42, 33, 48, 31, 17, 29, 6, 1, 41, 16, 20, 30, 22, 43, 45, 37, 0, 21, 15, 23, 49, 19, 28, 46, 13]
130		10708.732025511263		[51, 12, 25, 26, 10, 50, 32, 11, 27, 24, 42, 9, 8, 7, 40, 18, 44, 2, 38, 39, 4, 14, 47, 36, 34, 35, 5, 3, 33, 48, 31, 17, 29, 6, 1, 41, 16, 20, 30, 22, 43, 45, 37, 0, 21, 15, 23, 49, 19, 28, 46, 13]
131		10692.679576748496		[51, 12, 25, 26, 10, 50, 32, 11, 27, 24, 42, 9, 8, 7, 40, 18, 2, 44, 38, 39, 4, 14, 47, 36, 34, 35, 5, 3, 33, 48, 31, 17, 29, 6, 1, 41, 16, 20, 30, 22, 43, 45, 37, 0, 21, 15, 23, 49, 19, 28, 46, 13]
132		10683.260166155107		[51, 12, 25, 26, 10, 50, 32, 11, 27, 24, 42, 9, 8, 7, 40, 18, 2, 44, 37, 39, 4, 14, 47, 36, 34, 35, 5, 3, 33, 48, 31, 17, 29, 6, 1, 41, 16, 20, 30, 22, 43, 45, 38, 0, 21, 15, 23, 49, 19, 28, 46, 13]
133		10618.148553403164		[51, 12, 25, 26, 10, 50, 32, 11, 27, 24, 42, 9, 8, 7, 40, 18, 2, 44, 39, 37, 4, 14, 47, 36, 34, 35, 5, 3, 33, 48, 31, 17, 29, 6, 1, 41, 16, 20, 30, 22, 43, 45, 38, 0, 21, 15, 23, 49, 19, 28, 46, 13]
134		10604.036195932047		[51, 12, 25, 26, 10, 50, 32, 11, 27, 24, 42, 9, 8, 7, 40, 18, 2, 44, 39, 37, 14, 4, 47, 36, 34, 35, 5, 3, 33, 48, 31, 17, 29, 6, 1, 41, 16, 20, 30, 22, 43, 45, 38, 0, 21, 15, 23, 49, 19, 28, 46, 13]
135		10564.767530831916		[51, 12, 25, 26, 10, 50, 32, 11, 27, 24, 42, 9, 8, 7, 40, 18, 2, 44, 39, 37, 14, 4, 23, 36, 34, 35, 5, 3, 33, 48, 31, 17, 29, 6, 1, 41, 16, 20, 30, 22, 43, 45, 38, 0, 21, 15, 47, 49, 19, 28, 46, 13]
136		10559.665230137323		[51, 12, 25, 26, 10, 50, 32, 11, 27, 24, 42, 9, 8, 7, 40, 18, 2, 44, 39, 37, 14, 4, 23, 33, 34, 35, 5, 3, 36, 48, 31, 17, 29, 6, 1, 41, 16, 20, 30, 22, 43, 45, 38, 0, 21, 15, 47, 49, 19, 28, 46, 13]
137		10548.58686626639		[51, 12, 25, 26, 10, 50, 32, 11, 27, 24, 42, 9, 8, 7, 40, 18, 2, 44, 39, 37, 14, 4, 36, 33, 34, 35, 5, 3, 23, 48, 31, 17, 29, 6, 1, 41, 16, 20, 30, 22, 43, 45, 38, 0, 21, 15, 47, 49, 19, 28, 46, 13]
138		10529.944950495394		[51, 12, 25, 26, 10, 50, 32, 11, 27, 24, 42, 9, 8, 7, 40, 18, 2, 44, 39, 37, 23, 4, 36, 33, 34, 35, 5, 3, 14, 48, 31, 17, 29, 6, 1, 41, 16, 20, 30, 22, 43, 45, 38, 0, 21, 15, 47, 49, 19, 28, 46, 13]
139		10515.457827979277		[51, 12, 25, 26, 10, 50, 32, 11, 27, 24, 42, 9, 8, 7, 40, 18, 2, 44, 39, 37, 4, 23, 36, 33, 34, 35, 5, 3, 14, 48, 31, 17, 29, 6, 1, 41, 16, 20, 30, 22, 43, 45, 38, 0, 21, 15, 47, 49, 19, 28, 46, 13]
140		10466.0914976424		[51, 12, 25, 26, 10, 50, 32, 11, 27, 24, 42, 9, 8, 7, 40, 18, 2, 44, 39, 37, 4, 23, 47, 33, 34, 35, 5, 3, 14, 48, 31, 17, 29, 6, 1, 41, 16, 20, 30, 22, 43, 45, 38, 0, 21, 15, 36, 49, 19, 28, 46, 13]
141		10440.114624690745		[51, 12, 25, 26, 10, 50, 32, 11, 27, 24, 42, 9, 8, 7, 40, 18, 2, 44, 39, 37, 4, 23, 47, 45, 34, 35, 5, 3, 14, 48, 31, 17, 29, 6, 1, 41, 16, 20, 30, 22, 43, 33, 38, 0, 21, 15, 36, 49, 19, 28, 46, 13]
142		10151.979808740154		[51, 12, 25, 26, 10, 50, 32, 11, 27, 24, 42, 9, 8, 7, 40, 18, 2, 44, 39, 37, 4, 23, 47, 36, 34, 35, 5, 3, 14, 48, 31, 17, 29, 6, 1, 41, 16, 20, 30, 22, 43, 33, 38, 0, 21, 15, 45, 49, 19, 28, 46, 13]
143		10067.717005106717		[51, 12, 25, 26, 10, 50, 32, 11, 27, 24, 42, 9, 8, 7, 40, 18, 2, 44, 39, 37, 4, 23, 47, 36, 38, 35, 5, 3, 14, 48, 31, 17, 29, 6, 1, 41, 16, 20, 30, 22, 43, 33, 34, 0, 21, 15, 45, 49, 19, 28, 46, 13]
144		10046.202521180818		[51, 12, 25, 26, 10, 50, 32, 11, 27, 24, 42, 9, 8, 7, 40, 18, 2, 44, 35, 37, 4, 23, 47, 36, 38, 39, 5, 3, 14, 48, 31, 17, 29, 6, 1, 41, 16, 20, 30, 22, 43, 33, 34, 0, 21, 15, 45, 49, 19, 28, 46, 13]
145		10039.150910074211		[51, 12, 25, 26, 10, 50, 32, 11, 27, 24, 42, 9, 8, 7, 40, 18, 44, 2, 35, 37, 4, 23, 47, 36, 38, 39, 5, 3, 14, 48, 31, 17, 29, 6, 1, 41, 16, 20, 30, 22, 43, 33, 34, 0, 21, 15, 45, 49, 19, 28, 46, 13]
146		9936.265451706502		[51, 12, 25, 26, 10, 50, 32, 11, 27, 24, 42, 9, 8, 7, 40, 18, 44, 31, 35, 37, 4, 23, 47, 36, 38, 39, 5, 3, 14, 48, 2, 17, 29, 6, 1, 41, 16, 20, 30, 22, 43, 33, 34, 0, 21, 15, 45, 49, 19, 28, 46, 13]
147		9920.728646048829		[51, 12, 25, 26, 10, 50, 32, 11, 27, 24, 42, 9, 8, 7, 40, 18, 44, 48, 35, 37, 4, 23, 47, 36, 38, 39, 5, 3, 14, 31, 2, 17, 29, 6, 1, 41, 16, 20, 30, 22, 43, 33, 34, 0, 21, 15, 45, 49, 19, 28, 46, 13]
148		9903.65124968414		[51, 12, 25, 26, 10, 50, 32, 11, 27, 24, 42, 9, 8, 7, 40, 18, 44, 48, 35, 38, 4, 23, 47, 36, 37, 39, 5, 3, 14, 31, 2, 17, 29, 6, 1, 41, 16, 20, 30, 22, 43, 33, 34, 0, 21, 15, 45, 49, 19, 28, 46, 13]
149		9863.461337532102		[51, 12, 25, 26, 10, 50, 32, 11, 27, 24, 42, 9, 8, 7, 40, 18, 44, 48, 35, 38, 36, 23, 47, 4, 37, 39, 5, 3, 14, 31, 2, 17, 29, 6, 1, 41, 16, 20, 30, 22, 43, 33, 34, 0, 21, 15, 45, 49, 19, 28, 46, 13]
150		9840.941628910628		[51, 12, 25, 26, 10, 50, 32, 11, 27, 24, 42, 9, 8, 7, 40, 18, 44, 48, 35, 38, 36, 47, 23, 4, 37, 39, 5, 3, 14, 31, 2, 17, 29, 6, 1, 41, 16, 20, 30, 22, 43, 33, 34, 0, 21, 15, 45, 49, 19, 28, 46, 13]
151		9803.315187084558		[51, 12, 25, 26, 10, 50, 32, 11, 27, 24, 42, 9, 8, 7, 40, 18, 44, 48, 35, 38, 36, 47, 23, 39, 37, 4, 5, 3, 14, 31, 2, 17, 29, 6, 1, 41, 16, 20, 30, 22, 43, 33, 34, 0, 21, 15, 45, 49, 19, 28, 46, 13]
152		9798.688378964467		[51, 12, 25, 26, 10, 50, 32, 11, 27, 24, 42, 9, 8, 7, 40, 18, 44, 48, 35, 38, 36, 39, 23, 47, 37, 4, 5, 3, 14, 31, 2, 17, 29, 6, 1, 41, 16, 20, 30, 22, 43, 33, 34, 0, 21, 15, 45, 49, 19, 28, 46, 13]
153		9773.158077069982		[51, 12, 25, 26, 10, 50, 32, 11, 27, 24, 42, 9, 8, 7, 40, 18, 44, 48, 35, 38, 39, 36, 23, 47, 37, 4, 5, 3, 14, 31, 2, 17, 29, 6, 1, 41, 16, 20, 30, 22, 43, 33, 34, 0, 21, 15, 45, 49, 19, 28, 46, 13]
154		9761.673641616288		[51, 12, 25, 26, 10, 50, 32, 11, 27, 24, 42, 9, 8, 7, 40, 18, 44, 48, 35, 38, 39, 36, 47, 23, 37, 4, 5, 3, 14, 31, 2, 17, 29, 6, 1, 41, 16, 20, 30, 22, 43, 33, 34, 0, 21, 15, 45, 49, 19, 28, 46, 13]
155		9741.129237718098		[51, 12, 25, 26, 10, 50, 32, 11, 27, 24, 42, 9, 8, 7, 40, 18, 44, 48, 35, 38, 39, 36, 37, 23, 47, 4, 5, 3, 14, 31, 2, 17, 29, 6, 1, 41, 16, 20, 30, 22, 43, 33, 34, 0, 21, 15, 45, 49, 19, 28, 46, 13]
156		9730.093964550319		[51, 12, 25, 26, 10, 50, 32, 11, 27, 24, 42, 9, 8, 7, 40, 18, 44, 48, 35, 38, 39, 36, 37, 47, 23, 4, 5, 3, 14, 31, 2, 17, 29, 6, 1, 41, 16, 20, 30, 22, 43, 33, 34, 0, 21, 15, 45, 49, 19, 28, 46, 13]
157		9689.254865924053		[51, 12, 25, 26, 10, 50, 32, 11, 27, 24, 42, 9, 8, 7, 40, 18, 44, 48, 35, 38, 39, 36, 37, 47, 23, 4, 5, 3, 14, 31, 2, 20, 29, 6, 1, 41, 16, 17, 30, 22, 43, 33, 34, 0, 21, 15, 45, 49, 19, 28, 46, 13]
158		9597.973382198174		[51, 12, 25, 26, 10, 50, 32, 11, 27, 24, 42, 9, 8, 7, 40, 18, 44, 48, 35, 38, 39, 36, 37, 47, 23, 4, 5, 3, 14, 31, 17, 20, 29, 6, 1, 41, 16, 2, 30, 22, 43, 33, 34, 0, 21, 15, 45, 49, 19, 28, 46, 13]
159		9597.701519769005		[51, 12, 25, 26, 10, 50, 32, 11, 27, 24, 42, 9, 8, 7, 40, 18, 44, 31, 35, 38, 39, 36, 37, 47, 23, 4, 5, 3, 14, 48, 17, 20, 29, 6, 1, 41, 16, 2, 30, 22, 43, 33, 34, 0, 21, 15, 45, 49, 19, 28, 46, 13]
160		9552.784419637797		[51, 12, 25, 26, 10, 50, 32, 11, 27, 24, 42, 9, 8, 7, 40, 18, 44, 31, 35, 38, 39, 36, 37, 47, 23, 4, 5, 3, 14, 48, 30, 20, 29, 6, 1, 41, 16, 2, 17, 22, 43, 33, 34, 0, 21, 15, 45, 49, 19, 28, 46, 13]
161		9536.442256245473		[51, 12, 25, 26, 10, 50, 32, 11, 27, 24, 42, 9, 8, 7, 40, 18, 44, 31, 35, 38, 39, 36, 37, 47, 23, 4, 5, 3, 14, 48, 22, 20, 29, 6, 1, 41, 16, 2, 17, 30, 43, 33, 34, 0, 21, 15, 45, 49, 19, 28, 46, 13]
162		9502.846000693655		[51, 12, 25, 26, 10, 50, 32, 11, 27, 24, 42, 9, 8, 7, 40, 18, 44, 31, 48, 38, 39, 36, 37, 47, 23, 4, 5, 3, 14, 35, 22, 20, 29, 6, 1, 41, 16, 2, 17, 30, 43, 33, 34, 0, 21, 15, 45, 49, 19, 28, 46, 13]
163		9451.09816688934		[51, 12, 25, 26, 10, 50, 32, 11, 27, 24, 42, 9, 8, 7, 40, 18, 44, 31, 48, 38, 39, 36, 37, 47, 23, 4, 5, 3, 14, 43, 22, 20, 29, 6, 1, 41, 16, 2, 17, 30, 35, 33, 34, 0, 21, 15, 45, 49, 19, 28, 46, 13]
164		9450.390561120574		[51, 12, 25, 26, 10, 50, 32, 11, 27, 24, 42, 9, 8, 7, 40, 18, 44, 31, 35, 38, 39, 36, 37, 47, 23, 4, 5, 3, 14, 43, 22, 20, 29, 6, 1, 41, 16, 2, 17, 30, 48, 33, 34, 0, 21, 15, 45, 49, 19, 28, 46, 13]
165		9449.728627010569		[51, 12, 25, 26, 10, 50, 32, 11, 27, 24, 42, 9, 8, 7, 40, 18, 44, 31, 35, 38, 39, 36, 37, 47, 23, 4, 14, 3, 5, 43, 22, 20, 29, 6, 1, 41, 16, 2, 17, 30, 48, 33, 34, 0, 21, 15, 45, 49, 19, 28, 46, 13]
166		9428.098927306812		[51, 12, 25, 26, 10, 50, 32, 11, 27, 24, 42, 9, 8, 7, 40, 18, 44, 31, 35, 38, 39, 36, 37, 47, 23, 4, 14, 3, 5, 15, 22, 20, 29, 6, 1, 41, 16, 2, 17, 30, 48, 33, 34, 0, 21, 43, 45, 49, 19, 28, 46, 13]
167		9423.681622195416		[51, 12, 25, 26, 10, 50, 32, 11, 27, 24, 42, 9, 8, 7, 40, 18, 44, 31, 35, 38, 39, 36, 37, 47, 23, 4, 14, 5, 3, 15, 22, 20, 29, 6, 1, 41, 16, 2, 17, 30, 48, 33, 34, 0, 21, 43, 45, 49, 19, 28, 46, 13]
168		9400.077824046104		[51, 12, 25, 26, 10, 50, 32, 11, 27, 3, 42, 9, 8, 7, 40, 18, 44, 31, 35, 38, 39, 36, 37, 47, 23, 4, 14, 5, 24, 15, 22, 20, 29, 6, 1, 41, 16, 2, 17, 30, 48, 33, 34, 0, 21, 43, 45, 49, 19, 28, 46, 13]
169		9362.541475634625		[51, 12, 25, 26, 10, 50, 27, 11, 32, 3, 42, 9, 8, 7, 40, 18, 44, 31, 35, 38, 39, 36, 37, 47, 23, 4, 14, 5, 24, 15, 22, 20, 29, 6, 1, 41, 16, 2, 17, 30, 48, 33, 34, 0, 21, 43, 45, 49, 19, 28, 46, 13]
170		9259.811892817808		[51, 12, 25, 26, 27, 50, 10, 11, 32, 3, 42, 9, 8, 7, 40, 18, 44, 31, 35, 38, 39, 36, 37, 47, 23, 4, 14, 5, 24, 15, 22, 20, 29, 6, 1, 41, 16, 2, 17, 30, 48, 33, 34, 0, 21, 43, 45, 49, 19, 28, 46, 13]
171		9239.650640226395		[51, 12, 26, 25, 27, 50, 10, 11, 32, 3, 42, 9, 8, 7, 40, 18, 44, 31, 35, 38, 39, 36, 37, 47, 23, 4, 14, 5, 24, 15, 22, 20, 29, 6, 1, 41, 16, 2, 17, 30, 48, 33, 34, 0, 21, 43, 45, 49, 19, 28, 46, 13]
172		9121.204414591231		[51, 12, 26, 25, 27, 10, 50, 11, 32, 3, 42, 9, 8, 7, 40, 18, 44, 31, 35, 38, 39, 36, 37, 47, 23, 4, 14, 5, 24, 15, 22, 20, 29, 6, 1, 41, 16, 2, 17, 30, 48, 33, 34, 0, 21, 43, 45, 49, 19, 28, 46, 13]
173		9007.970072390659		[51, 12, 26, 25, 27, 11, 50, 10, 32, 3, 42, 9, 8, 7, 40, 18, 44, 31, 35, 38, 39, 36, 37, 47, 23, 4, 14, 5, 24, 15, 22, 20, 29, 6, 1, 41, 16, 2, 17, 30, 48, 33, 34, 0, 21, 43, 45, 49, 19, 28, 46, 13]
174		8975.377380282756		[51, 12, 26, 25, 27, 11, 10, 50, 32, 3, 42, 9, 8, 7, 40, 18, 44, 31, 35, 38, 39, 36, 37, 47, 23, 4, 14, 5, 24, 15, 22, 20, 29, 6, 1, 41, 16, 2, 17, 30, 48, 33, 34, 0, 21, 43, 45, 49, 19, 28, 46, 13]
175		8795.790090665578		[51, 12, 26, 25, 27, 11, 10, 50, 32, 3, 42, 9, 8, 7, 40, 18, 44, 31, 35, 38, 39, 36, 37, 47, 23, 4, 14, 5, 24, 45, 22, 20, 29, 6, 1, 41, 16, 2, 17, 30, 48, 33, 34, 0, 21, 43, 15, 49, 19, 28, 46, 13]
176		8764.421971461927		[51, 12, 26, 25, 27, 11, 10, 50, 32, 3, 42, 9, 8, 7, 40, 18, 44, 31, 35, 38, 39, 36, 37, 47, 23, 4, 14, 5, 24, 45, 22, 29, 20, 6, 1, 41, 16, 2, 17, 30, 48, 33, 34, 0, 21, 43, 15, 49, 19, 28, 46, 13]
177		8687.326391181747		[51, 12, 26, 25, 27, 11, 10, 50, 32, 3, 42, 9, 8, 7, 40, 18, 44, 31, 35, 38, 39, 36, 37, 47, 23, 4, 14, 5, 24, 45, 22, 29, 41, 6, 1, 20, 16, 2, 17, 30, 48, 33, 34, 0, 21, 43, 15, 49, 19, 28, 46, 13]
178		8660.069752325127		[51, 12, 26, 25, 27, 11, 10, 50, 32, 3, 42, 9, 8, 7, 40, 18, 44, 31, 35, 38, 39, 36, 37, 47, 23, 4, 14, 5, 24, 45, 22, 29, 1, 6, 41, 20, 16, 2, 17, 30, 48, 33, 34, 0, 21, 43, 15, 49, 19, 28, 46, 13]
179		8650.244275913592		[51, 12, 26, 25, 27, 11, 10, 50, 32, 3, 42, 9, 8, 7, 40, 18, 44, 31, 35, 38, 39, 36, 37, 47, 23, 4, 14, 5, 24, 45, 22, 29, 1, 6, 41, 20, 16, 2, 17, 30, 0, 33, 34, 48, 21, 43, 15, 49, 19, 28, 46, 13]
180		8578.715330487192		[51, 12, 26, 25, 27, 11, 10, 50, 32, 3, 42, 9, 8, 7, 40, 18, 44, 31, 35, 38, 39, 36, 37, 47, 23, 4, 14, 5, 24, 45, 22, 29, 1, 6, 41, 20, 16, 2, 17, 30, 21, 33, 34, 48, 0, 43, 15, 49, 19, 28, 46, 13]
181		8568.682649368138		[51, 12, 26, 25, 27, 11, 10, 50, 32, 3, 42, 9, 8, 7, 40, 18, 44, 31, 48, 38, 39, 36, 37, 47, 23, 4, 14, 5, 24, 45, 22, 29, 1, 6, 41, 20, 16, 2, 17, 30, 21, 33, 34, 35, 0, 43, 15, 49, 19, 28, 46, 13]
182		8565.588971858297		[51, 12, 26, 25, 27, 11, 10, 50, 32, 3, 42, 9, 8, 7, 40, 18, 44, 31, 48, 38, 39, 36, 37, 47, 23, 4, 14, 5, 24, 45, 22, 29, 1, 6, 41, 20, 16, 2, 17, 30, 21, 35, 34, 33, 0, 43, 15, 49, 19, 28, 46, 13]
183		8563.648689060516		[51, 12, 26, 25, 27, 11, 10, 50, 32, 3, 42, 9, 8, 7, 40, 18, 44, 31, 35, 38, 39, 36, 37, 47, 23, 4, 14, 5, 24, 45, 22, 29, 1, 6, 41, 20, 16, 2, 17, 30, 21, 48, 34, 33, 0, 43, 15, 49, 19, 28, 46, 13]
184		8509.446899972634		[51, 12, 26, 25, 27, 11, 10, 50, 32, 3, 42, 9, 8, 7, 40, 18, 44, 31, 0, 38, 39, 36, 37, 47, 23, 4, 14, 5, 24, 45, 22, 29, 1, 6, 41, 20, 16, 2, 17, 30, 21, 48, 34, 33, 35, 43, 15, 49, 19, 28, 46, 13]
185		8406.49077531044		[51, 12, 26, 25, 27, 11, 10, 50, 32, 3, 42, 9, 8, 7, 40, 18, 44, 31, 48, 38, 39, 36, 37, 47, 23, 4, 14, 5, 24, 45, 22, 29, 1, 6, 41, 20, 16, 2, 17, 30, 21, 0, 34, 33, 35, 43, 15, 49, 19, 28, 46, 13]
186		8401.387065903042		[51, 12, 26, 25, 27, 11, 10, 50, 32, 3, 42, 9, 8, 7, 40, 18, 44, 31, 48, 38, 39, 36, 37, 47, 23, 4, 14, 5, 24, 45, 22, 29, 1, 6, 41, 20, 16, 2, 17, 30, 21, 0, 33, 34, 35, 43, 15, 49, 19, 28, 46, 13]
187		8360.276488486106		[51, 12, 26, 25, 27, 11, 10, 50, 32, 3, 42, 9, 8, 7, 40, 18, 44, 31, 48, 38, 39, 36, 37, 47, 23, 4, 14, 5, 24, 45, 22, 29, 1, 6, 41, 20, 16, 2, 17, 30, 21, 0, 35, 34, 33, 43, 15, 49, 19, 28, 46, 13]
