Iteração	Melhor Avaliação	Melhor Caminho
1		2642.2008672557554		[50, 75, 12, 33, 2, 20, 29, 73, 48, 14, 34, 3, 53, 19, 46, 13, 69, 54, 6, 31, 58, 15, 22, 38, 36, 71, 55, 68, 37, 41, 8, 60, 42, 5, 0, 1, 64, 61, 17, 39, 40, 7, 27, 65, 4, 45, 21, 32, 26, 9, 67, 35, 56, 49, 44, 62, 47, 59, 30, 23, 24, 63, 52, 16, 28, 72, 74, 18, 25, 51, 57, 43, 66, 10, 11, 70]
2		2641.9691685766334		[33, 75, 12, 50, 2, 20, 29, 73, 48, 14, 34, 3, 53, 19, 46, 13, 69, 54, 6, 31, 58, 15, 22, 38, 36, 71, 55, 68, 37, 41, 8, 60, 42, 5, 0, 1, 64, 61, 17, 39, 40, 7, 27, 65, 4, 45, 21, 32, 26, 9, 67, 35, 56, 49, 44, 62, 47, 59, 30, 23, 24, 63, 52, 16, 28, 72, 74, 18, 25, 51, 57, 43, 66, 10, 11, 70]
3		2632.4081402312763		[75, 33, 12, 50, 2, 20, 29, 73, 48, 14, 34, 3, 53, 19, 46, 13, 69, 54, 6, 31, 58, 15, 22, 38, 36, 71, 55, 68, 37, 41, 8, 60, 42, 5, 0, 1, 64, 61, 17, 39, 40, 7, 27, 65, 4, 45, 21, 32, 26, 9, 67, 35, 56, 49, 44, 62, 47, 59, 30, 23, 24, 63, 52, 16, 28, 72, 74, 18, 25, 51, 57, 43, 66, 10, 11, 70]
4		2610.2119609712745		[12, 33, 75, 50, 2, 20, 29, 73, 48, 14, 34, 3, 53, 19, 46, 13, 69, 54, 6, 31, 58, 15, 22, 38, 36, 71, 55, 68, 37, 41, 8, 60, 42, 5, 0, 1, 64, 61, 17, 39, 40, 7, 27, 65, 4, 45, 21, 32, 26, 9, 67, 35, 56, 49, 44, 62, 47, 59, 30, 23, 24, 63, 52, 16, 28, 72, 74, 18, 25, 51, 57, 43, 66, 10, 11, 70]
5		2587.6819561663688		[48, 33, 75, 50, 2, 20, 29, 73, 12, 14, 34, 3, 53, 19, 46, 13, 69, 54, 6, 31, 58, 15, 22, 38, 36, 71, 55, 68, 37, 41, 8, 60, 42, 5, 0, 1, 64, 61, 17, 39, 40, 7, 27, 65, 4, 45, 21, 32, 26, 9, 67, 35, 56, 49, 44, 62, 47, 59, 30, 23, 24, 63, 52, 16, 28, 72, 74, 18, 25, 51, 57, 43, 66, 10, 11, 70]
6		2587.2863853085564		[2, 33, 75, 50, 48, 20, 29, 73, 12, 14, 34, 3, 53, 19, 46, 13, 69, 54, 6, 31, 58, 15, 22, 38, 36, 71, 55, 68, 37, 41, 8, 60, 42, 5, 0, 1, 64, 61, 17, 39, 40, 7, 27, 65, 4, 45, 21, 32, 26, 9, 67, 35, 56, 49, 44, 62, 47, 59, 30, 23, 24, 63, 52, 16, 28, 72, 74, 18, 25, 51, 57, 43, 66, 10, 11, 70]
7		2586.2410242913693		[75, 33, 2, 50, 48, 20, 29, 73, 12, 14, 34, 3, 53, 19, 46, 13, 69, 54, 6, 31, 58, 15, 22, 38, 36, 71, 55, 68, 37, 41, 8, 60, 42, 5, 0, 1, 64, 61, 17, 39, 40, 7, 27, 65, 4, 45, 21, 32, 26, 9, 67, 35, 56, 49, 44, 62, 47, 59, 30, 23, 24, 63, 52, 16, 28, 72, 74, 18, 25, 51, 57, 43, 66, 10, 11, 70]
8		2576.460029056633		[33, 75, 2, 50, 48, 20, 29, 73, 12, 14, 34, 3, 53, 19, 46, 13, 69, 54, 6, 31, 58, 15, 22, 38, 36, 71, 55, 68, 37, 41, 8, 60, 42, 5, 0, 1, 64, 61, 17, 39, 40, 7, 27, 65, 4, 45, 21, 32, 26, 9, 67, 35, 56, 49, 44, 62, 47, 59, 30, 23, 24, 63, 52, 16, 28, 72, 74, 18, 25, 51, 57, 43, 66, 10, 11, 70]
9		2566.6052728328264		[34, 75, 2, 50, 48, 20, 29, 73, 12, 14, 33, 3, 53, 19, 46, 13, 69, 54, 6, 31, 58, 15, 22, 38, 36, 71, 55, 68, 37, 41, 8, 60, 42, 5, 0, 1, 64, 61, 17, 39, 40, 7, 27, 65, 4, 45, 21, 32, 26, 9, 67, 35, 56, 49, 44, 62, 47, 59, 30, 23, 24, 63, 52, 16, 28, 72, 74, 18, 25, 51, 57, 43, 66, 10, 11, 70]
10		2551.9543478410224		[3, 75, 2, 50, 48, 20, 29, 73, 12, 14, 33, 34, 53, 19, 46, 13, 69, 54, 6, 31, 58, 15, 22, 38, 36, 71, 55, 68, 37, 41, 8, 60, 42, 5, 0, 1, 64, 61, 17, 39, 40, 7, 27, 65, 4, 45, 21, 32, 26, 9, 67, 35, 56, 49, 44, 62, 47, 59, 30, 23, 24, 63, 52, 16, 28, 72, 74, 18, 25, 51, 57, 43, 66, 10, 11, 70]
11		2534.6632949103246		[13, 75, 2, 50, 48, 20, 29, 73, 12, 14, 33, 34, 53, 19, 46, 3, 69, 54, 6, 31, 58, 15, 22, 38, 36, 71, 55, 68, 37, 41, 8, 60, 42, 5, 0, 1, 64, 61, 17, 39, 40, 7, 27, 65, 4, 45, 21, 32, 26, 9, 67, 35, 56, 49, 44, 62, 47, 59, 30, 23, 24, 63, 52, 16, 28, 72, 74, 18, 25, 51, 57, 43, 66, 10, 11, 70]
12		2528.5795724105215		[33, 75, 2, 50, 48, 20, 29, 73, 12, 14, 13, 34, 53, 19, 46, 3, 69, 54, 6, 31, 58, 15, 22, 38, 36, 71, 55, 68, 37, 41, 8, 60, 42, 5, 0, 1, 64, 61, 17, 39, 40, 7, 27, 65, 4, 45, 21, 32, 26, 9, 67, 35, 56, 49, 44, 62, 47, 59, 30, 23, 24, 63, 52, 16, 28, 72, 74, 18, 25, 51, 57, 43, 66, 10, 11, 70]
13		2499.1300394287678		[69, 75, 2, 50, 48, 20, 29, 73, 12, 14, 13, 34, 53, 19, 46, 3, 33, 54, 6, 31, 58, 15, 22, 38, 36, 71, 55, 68, 37, 41, 8, 60, 42, 5, 0, 1, 64, 61, 17, 39, 40, 7, 27, 65, 4, 45, 21, 32, 26, 9, 67, 35, 56, 49, 44, 62, 47, 59, 30, 23, 24, 63, 52, 16, 28, 72, 74, 18, 25, 51, 57, 43, 66, 10, 11, 70]
14		2487.961022235583		[12, 75, 2, 50, 48, 20, 29, 73, 69, 14, 13, 34, 53, 19, 46, 3, 33, 54, 6, 31, 58, 15, 22, 38, 36, 71, 55, 68, 37, 41, 8, 60, 42, 5, 0, 1, 64, 61, 17, 39, 40, 7, 27, 65, 4, 45, 21, 32, 26, 9, 67, 35, 56, 49, 44, 62, 47, 59, 30, 23, 24, 63, 52, 16, 28, 72, 74, 18, 25, 51, 57, 43, 66, 10, 11, 70]
15		2477.856321859777		[13, 75, 2, 50, 48, 20, 29, 73, 69, 14, 12, 34, 53, 19, 46, 3, 33, 54, 6, 31, 58, 15, 22, 38, 36, 71, 55, 68, 37, 41, 8, 60, 42, 5, 0, 1, 64, 61, 17, 39, 40, 7, 27, 65, 4, 45, 21, 32, 26, 9, 67, 35, 56, 49, 44, 62, 47, 59, 30, 23, 24, 63, 52, 16, 28, 72, 74, 18, 25, 51, 57, 43, 66, 10, 11, 70]
16		2475.2913099451744		[34, 75, 2, 50, 48, 20, 29, 73, 69, 14, 12, 13, 53, 19, 46, 3, 33, 54, 6, 31, 58, 15, 22, 38, 36, 71, 55, 68, 37, 41, 8, 60, 42, 5, 0, 1, 64, 61, 17, 39, 40, 7, 27, 65, 4, 45, 21, 32, 26, 9, 67, 35, 56, 49, 44, 62, 47, 59, 30, 23, 24, 63, 52, 16, 28, 72, 74, 18, 25, 51, 57, 43, 66, 10, 11, 70]
17		2421.148940776551		[54, 75, 2, 50, 48, 20, 29, 73, 69, 14, 12, 13, 53, 19, 46, 3, 33, 34, 6, 31, 58, 15, 22, 38, 36, 71, 55, 68, 37, 41, 8, 60, 42, 5, 0, 1, 64, 61, 17, 39, 40, 7, 27, 65, 4, 45, 21, 32, 26, 9, 67, 35, 56, 49, 44, 62, 47, 59, 30, 23, 24, 63, 52, 16, 28, 72, 74, 18, 25, 51, 57, 43, 66, 10, 11, 70]
18		2368.0049748999813		[58, 75, 2, 50, 48, 20, 29, 73, 69, 14, 12, 13, 53, 19, 46, 3, 33, 34, 6, 31, 54, 15, 22, 38, 36, 71, 55, 68, 37, 41, 8, 60, 42, 5, 0, 1, 64, 61, 17, 39, 40, 7, 27, 65, 4, 45, 21, 32, 26, 9, 67, 35, 56, 49, 44, 62, 47, 59, 30, 23, 24, 63, 52, 16, 28, 72, 74, 18, 25, 51, 57, 43, 66, 10, 11, 70]
19		2331.467763217754		[36, 75, 2, 50, 48, 20, 29, 73, 69, 14, 12, 13, 53, 19, 46, 3, 33, 34, 6, 31, 54, 15, 22, 38, 58, 71, 55, 68, 37, 41, 8, 60, 42, 5, 0, 1, 64, 61, 17, 39, 40, 7, 27, 65, 4, 45, 21, 32, 26, 9, 67, 35, 56, 49, 44, 62, 47, 59, 30, 23, 24, 63, 52, 16, 28, 72, 74, 18, 25, 51, 57, 43, 66, 10, 11, 70]
20		2325.2153194158286		[48, 75, 2, 50, 36, 20, 29, 73, 69, 14, 12, 13, 53, 19, 46, 3, 33, 34, 6, 31, 54, 15, 22, 38, 58, 71, 55, 68, 37, 41, 8, 60, 42, 5, 0, 1, 64, 61, 17, 39, 40, 7, 27, 65, 4, 45, 21, 32, 26, 9, 67, 35, 56, 49, 44, 62, 47, 59, 30, 23, 24, 63, 52, 16, 28, 72, 74, 18, 25, 51, 57, 43, 66, 10, 11, 70]
21		2316.9701909624314		[75, 48, 2, 50, 36, 20, 29, 73, 69, 14, 12, 13, 53, 19, 46, 3, 33, 34, 6, 31, 54, 15, 22, 38, 58, 71, 55, 68, 37, 41, 8, 60, 42, 5, 0, 1, 64, 61, 17, 39, 40, 7, 27, 65, 4, 45, 21, 32, 26, 9, 67, 35, 56, 49, 44, 62, 47, 59, 30, 23, 24, 63, 52, 16, 28, 72, 74, 18, 25, 51, 57, 43, 66, 10, 11, 70]
22		2308.386151956849		[50, 48, 2, 75, 36, 20, 29, 73, 69, 14, 12, 13, 53, 19, 46, 3, 33, 34, 6, 31, 54, 15, 22, 38, 58, 71, 55, 68, 37, 41, 8, 60, 42, 5, 0, 1, 64, 61, 17, 39, 40, 7, 27, 65, 4, 45, 21, 32, 26, 9, 67, 35, 56, 49, 44, 62, 47, 59, 30, 23, 24, 63, 52, 16, 28, 72, 74, 18, 25, 51, 57, 43, 66, 10, 11, 70]
23		2306.9843977058576		[48, 50, 2, 75, 36, 20, 29, 73, 69, 14, 12, 13, 53, 19, 46, 3, 33, 34, 6, 31, 54, 15, 22, 38, 58, 71, 55, 68, 37, 41, 8, 60, 42, 5, 0, 1, 64, 61, 17, 39, 40, 7, 27, 65, 4, 45, 21, 32, 26, 9, 67, 35, 56, 49, 44, 62, 47, 59, 30, 23, 24, 63, 52, 16, 28, 72, 74, 18, 25, 51, 57, 43, 66, 10, 11, 70]
24		2297.0178412828436		[54, 50, 2, 75, 36, 20, 29, 73, 69, 14, 12, 13, 53, 19, 46, 3, 33, 34, 6, 31, 48, 15, 22, 38, 58, 71, 55, 68, 37, 41, 8, 60, 42, 5, 0, 1, 64, 61, 17, 39, 40, 7, 27, 65, 4, 45, 21, 32, 26, 9, 67, 35, 56, 49, 44, 62, 47, 59, 30, 23, 24, 63, 52, 16, 28, 72, 74, 18, 25, 51, 57, 43, 66, 10, 11, 70]
25		2289.8275264058634		[22, 50, 2, 75, 36, 20, 29, 73, 69, 14, 12, 13, 53, 19, 46, 3, 33, 34, 6, 31, 48, 15, 54, 38, 58, 71, 55, 68, 37, 41, 8, 60, 42, 5, 0, 1, 64, 61, 17, 39, 40, 7, 27, 65, 4, 45, 21, 32, 26, 9, 67, 35, 56, 49, 44, 62, 47, 59, 30, 23, 24, 63, 52, 16, 28, 72, 74, 18, 25, 51, 57, 43, 66, 10, 11, 70]
26		2284.383604510069		[15, 50, 2, 75, 36, 20, 29, 73, 69, 14, 12, 13, 53, 19, 46, 3, 33, 34, 6, 31, 48, 22, 54, 38, 58, 71, 55, 68, 37, 41, 8, 60, 42, 5, 0, 1, 64, 61, 17, 39, 40, 7, 27, 65, 4, 45, 21, 32, 26, 9, 67, 35, 56, 49, 44, 62, 47, 59, 30, 23, 24, 63, 52, 16, 28, 72, 74, 18, 25, 51, 57, 43, 66, 10, 11, 70]
27		2283.383604510069		[50, 15, 2, 75, 36, 20, 29, 73, 69, 14, 12, 13, 53, 19, 46, 3, 33, 34, 6, 31, 48, 22, 54, 38, 58, 71, 55, 68, 37, 41, 8, 60, 42, 5, 0, 1, 64, 61, 17, 39, 40, 7, 27, 65, 4, 45, 21, 32, 26, 9, 67, 35, 56, 49, 44, 62, 47, 59, 30, 23, 24, 63, 52, 16, 28, 72, 74, 18, 25, 51, 57, 43, 66, 10, 11, 70]
28		2274.7820828228673		[2, 15, 50, 75, 36, 20, 29, 73, 69, 14, 12, 13, 53, 19, 46, 3, 33, 34, 6, 31, 48, 22, 54, 38, 58, 71, 55, 68, 37, 41, 8, 60, 42, 5, 0, 1, 64, 61, 17, 39, 40, 7, 27, 65, 4, 45, 21, 32, 26, 9, 67, 35, 56, 49, 44, 62, 47, 59, 30, 23, 24, 63, 52, 16, 28, 72, 74, 18, 25, 51, 57, 43, 66, 10, 11, 70]
29		2274.709335953334		[48, 15, 50, 75, 36, 20, 29, 73, 69, 14, 12, 13, 53, 19, 46, 3, 33, 34, 6, 31, 2, 22, 54, 38, 58, 71, 55, 68, 37, 41, 8, 60, 42, 5, 0, 1, 64, 61, 17, 39, 40, 7, 27, 65, 4, 45, 21, 32, 26, 9, 67, 35, 56, 49, 44, 62, 47, 59, 30, 23, 24, 63, 52, 16, 28, 72, 74, 18, 25, 51, 57, 43, 66, 10, 11, 70]
30		2260.025247307145		[22, 15, 50, 75, 36, 20, 29, 73, 69, 14, 12, 13, 53, 19, 46, 3, 33, 34, 6, 31, 2, 48, 54, 38, 58, 71, 55, 68, 37, 41, 8, 60, 42, 5, 0, 1, 64, 61, 17, 39, 40, 7, 27, 65, 4, 45, 21, 32, 26, 9, 67, 35, 56, 49, 44, 62, 47, 59, 30, 23, 24, 63, 52, 16, 28, 72, 74, 18, 25, 51, 57, 43, 66, 10, 11, 70]
31		2257.405326954989		[55, 15, 50, 75, 36, 20, 29, 73, 69, 14, 12, 13, 53, 19, 46, 3, 33, 34, 6, 31, 2, 48, 54, 38, 58, 71, 22, 68, 37, 41, 8, 60, 42, 5, 0, 1, 64, 61, 17, 39, 40, 7, 27, 65, 4, 45, 21, 32, 26, 9, 67, 35, 56, 49, 44, 62, 47, 59, 30, 23, 24, 63, 52, 16, 28, 72, 74, 18, 25, 51, 57, 43, 66, 10, 11, 70]
32		2237.938054653996		[68, 15, 50, 75, 36, 20, 29, 73, 69, 14, 12, 13, 53, 19, 46, 3, 33, 34, 6, 31, 2, 48, 54, 38, 58, 71, 22, 55, 37, 41, 8, 60, 42, 5, 0, 1, 64, 61, 17, 39, 40, 7, 27, 65, 4, 45, 21, 32, 26, 9, 67, 35, 56, 49, 44, 62, 47, 59, 30, 23, 24, 63, 52, 16, 28, 72, 74, 18, 25, 51, 57, 43, 66, 10, 11, 70]
33		2226.7906465364495		[75, 15, 50, 68, 36, 20, 29, 73, 69, 14, 12, 13, 53, 19, 46, 3, 33, 34, 6, 31, 2, 48, 54, 38, 58, 71, 22, 55, 37, 41, 8, 60, 42, 5, 0, 1, 64, 61, 17, 39, 40, 7, 27, 65, 4, 45, 21, 32, 26, 9, 67, 35, 56, 49, 44, 62, 47, 59, 30, 23, 24, 63, 52, 16, 28, 72, 74, 18, 25, 51, 57, 43, 66, 10, 11, 70]
34		2223.3370666570713		[50, 15, 75, 68, 36, 20, 29, 73, 69, 14, 12, 13, 53, 19, 46, 3, 33, 34, 6, 31, 2, 48, 54, 38, 58, 71, 22, 55, 37, 41, 8, 60, 42, 5, 0, 1, 64, 61, 17, 39, 40, 7, 27, 65, 4, 45, 21, 32, 26, 9, 67, 35, 56, 49, 44, 62, 47, 59, 30, 23, 24, 63, 52, 16, 28, 72, 74, 18, 25, 51, 57, 43, 66, 10, 11, 70]
35		2214.965939835311		[15, 50, 75, 68, 36, 20, 29, 73, 69, 14, 12, 13, 53, 19, 46, 3, 33, 34, 6, 31, 2, 48, 54, 38, 58, 71, 22, 55, 37, 41, 8, 60, 42, 5, 0, 1, 64, 61, 17, 39, 40, 7, 27, 65, 4, 45, 21, 32, 26, 9, 67, 35, 56, 49, 44, 62, 47, 59, 30, 23, 24, 63, 52, 16, 28, 72, 74, 18, 25, 51, 57, 43, 66, 10, 11, 70]
36		2161.2363751616986		[37, 50, 75, 68, 36, 20, 29, 73, 69, 14, 12, 13, 53, 19, 46, 3, 33, 34, 6, 31, 2, 48, 54, 38, 58, 71, 22, 55, 15, 41, 8, 60, 42, 5, 0, 1, 64, 61, 17, 39, 40, 7, 27, 65, 4, 45, 21, 32, 26, 9, 67, 35, 56, 49, 44, 62, 47, 59, 30, 23, 24, 63, 52, 16, 28, 72, 74, 18, 25, 51, 57, 43, 66, 10, 11, 70]
37		2157.9167466263016		[31, 50, 75, 68, 36, 20, 29, 73, 69, 14, 12, 13, 53, 19, 46, 3, 33, 34, 6, 37, 2, 48, 54, 38, 58, 71, 22, 55, 15, 41, 8, 60, 42, 5, 0, 1, 64, 61, 17, 39, 40, 7, 27, 65, 4, 45, 21, 32, 26, 9, 67, 35, 56, 49, 44, 62, 47, 59, 30, 23, 24, 63, 52, 16, 28, 72, 74, 18, 25, 51, 57, 43, 66, 10, 11, 70]
38		2153.646728583206		[2, 50, 75, 68, 36, 20, 29, 73, 69, 14, 12, 13, 53, 19, 46, 3, 33, 34, 6, 37, 31, 48, 54, 38, 58, 71, 22, 55, 15, 41, 8, 60, 42, 5, 0, 1, 64, 61, 17, 39, 40, 7, 27, 65, 4, 45, 21, 32, 26, 9, 67, 35, 56, 49, 44, 62, 47, 59, 30, 23, 24, 63, 52, 16, 28, 72, 74, 18, 25, 51, 57, 43, 66, 10, 11, 70]
39		2145.961177803843		[48, 50, 75, 68, 36, 20, 29, 73, 69, 14, 12, 13, 53, 19, 46, 3, 33, 34, 6, 37, 31, 2, 54, 38, 58, 71, 22, 55, 15, 41, 8, 60, 42, 5, 0, 1, 64, 61, 17, 39, 40, 7, 27, 65, 4, 45, 21, 32, 26, 9, 67, 35, 56, 49, 44, 62, 47, 59, 30, 23, 24, 63, 52, 16, 28, 72, 74, 18, 25, 51, 57, 43, 66, 10, 11, 70]
40		2134.5758057516855		[15, 50, 75, 68, 36, 20, 29, 73, 69, 14, 12, 13, 53, 19, 46, 3, 33, 34, 6, 37, 31, 2, 54, 38, 58, 71, 22, 55, 48, 41, 8, 60, 42, 5, 0, 1, 64, 61, 17, 39, 40, 7, 27, 65, 4, 45, 21, 32, 26, 9, 67, 35, 56, 49, 44, 62, 47, 59, 30, 23, 24, 63, 52, 16, 28, 72, 74, 18, 25, 51, 57, 43, 66, 10, 11, 70]
41		2116.9299360868313		[41, 50, 75, 68, 36, 20, 29, 73, 69, 14, 12, 13, 53, 19, 46, 3, 33, 34, 6, 37, 31, 2, 54, 38, 58, 71, 22, 55, 48, 15, 8, 60, 42, 5, 0, 1, 64, 61, 17, 39, 40, 7, 27, 65, 4, 45, 21, 32, 26, 9, 67, 35, 56, 49, 44, 62, 47, 59, 30, 23, 24, 63, 52, 16, 28, 72, 74, 18, 25, 51, 57, 43, 66, 10, 11, 70]
42		2115.9674021486953		[75, 50, 41, 68, 36, 20, 29, 73, 69, 14, 12, 13, 53, 19, 46, 3, 33, 34, 6, 37, 31, 2, 54, 38, 58, 71, 22, 55, 48, 15, 8, 60, 42, 5, 0, 1, 64, 61, 17, 39, 40, 7, 27, 65, 4, 45, 21, 32, 26, 9, 67, 35, 56, 49, 44, 62, 47, 59, 30, 23, 24, 63, 52, 16, 28, 72, 74, 18, 25, 51, 57, 43, 66, 10, 11, 70]
43		2101.3244120913328		[8, 50, 41, 68, 36, 20, 29, 73, 69, 14, 12, 13, 53, 19, 46, 3, 33, 34, 6, 37, 31, 2, 54, 38, 58, 71, 22, 55, 48, 15, 75, 60, 42, 5, 0, 1, 64, 61, 17, 39, 40, 7, 27, 65, 4, 45, 21, 32, 26, 9, 67, 35, 56, 49, 44, 62, 47, 59, 30, 23, 24, 63, 52, 16, 28, 72, 74, 18, 25, 51, 57, 43, 66, 10, 11, 70]
44		2097.5148885306626		[31, 50, 41, 68, 36, 20, 29, 73, 69, 14, 12, 13, 53, 19, 46, 3, 33, 34, 6, 37, 8, 2, 54, 38, 58, 71, 22, 55, 48, 15, 75, 60, 42, 5, 0, 1, 64, 61, 17, 39, 40, 7, 27, 65, 4, 45, 21, 32, 26, 9, 67, 35, 56, 49, 44, 62, 47, 59, 30, 23, 24, 63, 52, 16, 28, 72, 74, 18, 25, 51, 57, 43, 66, 10, 11, 70]
45		2077.703097970963		[2, 50, 41, 68, 36, 20, 29, 73, 69, 14, 12, 13, 53, 19, 46, 3, 33, 34, 6, 37, 8, 31, 54, 38, 58, 71, 22, 55, 48, 15, 75, 60, 42, 5, 0, 1, 64, 61, 17, 39, 40, 7, 27, 65, 4, 45, 21, 32, 26, 9, 67, 35, 56, 49, 44, 62, 47, 59, 30, 23, 24, 63, 52, 16, 28, 72, 74, 18, 25, 51, 57, 43, 66, 10, 11, 70]
46		2075.8826504435074		[75, 50, 41, 68, 36, 20, 29, 73, 69, 14, 12, 13, 53, 19, 46, 3, 33, 34, 6, 37, 8, 31, 54, 38, 58, 71, 22, 55, 48, 15, 2, 60, 42, 5, 0, 1, 64, 61, 17, 39, 40, 7, 27, 65, 4, 45, 21, 32, 26, 9, 67, 35, 56, 49, 44, 62, 47, 59, 30, 23, 24, 63, 52, 16, 28, 72, 74, 18, 25, 51, 57, 43, 66, 10, 11, 70]
47		2039.1762458397716		[64, 50, 41, 68, 36, 20, 29, 73, 69, 14, 12, 13, 53, 19, 46, 3, 33, 34, 6, 37, 8, 31, 54, 38, 58, 71, 22, 55, 48, 15, 2, 60, 42, 5, 0, 1, 75, 61, 17, 39, 40, 7, 27, 65, 4, 45, 21, 32, 26, 9, 67, 35, 56, 49, 44, 62, 47, 59, 30, 23, 24, 63, 52, 16, 28, 72, 74, 18, 25, 51, 57, 43, 66, 10, 11, 70]
48		2029.7762021003214		[6, 50, 41, 68, 36, 20, 29, 73, 69, 14, 12, 13, 53, 19, 46, 3, 33, 34, 64, 37, 8, 31, 54, 38, 58, 71, 22, 55, 48, 15, 2, 60, 42, 5, 0, 1, 75, 61, 17, 39, 40, 7, 27, 65, 4, 45, 21, 32, 26, 9, 67, 35, 56, 49, 44, 62, 47, 59, 30, 23, 24, 63, 52, 16, 28, 72, 74, 18, 25, 51, 57, 43, 66, 10, 11, 70]
49		2029.6534395611682		[33, 50, 41, 68, 36, 20, 29, 73, 69, 14, 12, 13, 53, 19, 46, 3, 6, 34, 64, 37, 8, 31, 54, 38, 58, 71, 22, 55, 48, 15, 2, 60, 42, 5, 0, 1, 75, 61, 17, 39, 40, 7, 27, 65, 4, 45, 21, 32, 26, 9, 67, 35, 56, 49, 44, 62, 47, 59, 30, 23, 24, 63, 52, 16, 28, 72, 74, 18, 25, 51, 57, 43, 66, 10, 11, 70]
50		2029.2528901147655		[41, 50, 33, 68, 36, 20, 29, 73, 69, 14, 12, 13, 53, 19, 46, 3, 6, 34, 64, 37, 8, 31, 54, 38, 58, 71, 22, 55, 48, 15, 2, 60, 42, 5, 0, 1, 75, 61, 17, 39, 40, 7, 27, 65, 4, 45, 21, 32, 26, 9, 67, 35, 56, 49, 44, 62, 47, 59, 30, 23, 24, 63, 52, 16, 28, 72, 74, 18, 25, 51, 57, 43, 66, 10, 11, 70]
51		2005.0903412756513		[2, 50, 33, 68, 36, 20, 29, 73, 69, 14, 12, 13, 53, 19, 46, 3, 6, 34, 64, 37, 8, 31, 54, 38, 58, 71, 22, 55, 48, 15, 41, 60, 42, 5, 0, 1, 75, 61, 17, 39, 40, 7, 27, 65, 4, 45, 21, 32, 26, 9, 67, 35, 56, 49, 44, 62, 47, 59, 30, 23, 24, 63, 52, 16, 28, 72, 74, 18, 25, 51, 57, 43, 66, 10, 11, 70]
52		1986.004330423233		[61, 50, 33, 68, 36, 20, 29, 73, 69, 14, 12, 13, 53, 19, 46, 3, 6, 34, 64, 37, 8, 31, 54, 38, 58, 71, 22, 55, 48, 15, 41, 60, 42, 5, 0, 1, 75, 2, 17, 39, 40, 7, 27, 65, 4, 45, 21, 32, 26, 9, 67, 35, 56, 49, 44, 62, 47, 59, 30, 23, 24, 63, 52, 16, 28, 72, 74, 18, 25, 51, 57, 43, 66, 10, 11, 70]
53		1975.6168273729643		[33, 50, 61, 68, 36, 20, 29, 73, 69, 14, 12, 13, 53, 19, 46, 3, 6, 34, 64, 37, 8, 31, 54, 38, 58, 71, 22, 55, 48, 15, 41, 60, 42, 5, 0, 1, 75, 2, 17, 39, 40, 7, 27, 65, 4, 45, 21, 32, 26, 9, 67, 35, 56, 49, 44, 62, 47, 59, 30, 23, 24, 63, 52, 16, 28, 72, 74, 18, 25, 51, 57, 43, 66, 10, 11, 70]
54		1969.658537404876		[3, 50, 61, 68, 36, 20, 29, 73, 69, 14, 12, 13, 53, 19, 46, 33, 6, 34, 64, 37, 8, 31, 54, 38, 58, 71, 22, 55, 48, 15, 41, 60, 42, 5, 0, 1, 75, 2, 17, 39, 40, 7, 27, 65, 4, 45, 21, 32, 26, 9, 67, 35, 56, 49, 44, 62, 47, 59, 30, 23, 24, 63, 52, 16, 28, 72, 74, 18, 25, 51, 57, 43, 66, 10, 11, 70]
55		1965.481367478745		[0, 50, 61, 68, 36, 20, 29, 73, 69, 14, 12, 13, 53, 19, 46, 33, 6, 34, 64, 37, 8, 31, 54, 38, 58, 71, 22, 55, 48, 15, 41, 60, 42, 5, 3, 1, 75, 2, 17, 39, 40, 7, 27, 65, 4, 45, 21, 32, 26, 9, 67, 35, 56, 49, 44, 62, 47, 59, 30, 23, 24, 63, 52, 16, 28, 72, 74, 18, 25, 51, 57, 43, 66, 10, 11, 70]
56		1954.7012811395396		[50, 0, 61, 68, 36, 20, 29, 73, 69, 14, 12, 13, 53, 19, 46, 33, 6, 34, 64, 37, 8, 31, 54, 38, 58, 71, 22, 55, 48, 15, 41, 60, 42, 5, 3, 1, 75, 2, 17, 39, 40, 7, 27, 65, 4, 45, 21, 32, 26, 9, 67, 35, 56, 49, 44, 62, 47, 59, 30, 23, 24, 63, 52, 16, 28, 72, 74, 18, 25, 51, 57, 43, 66, 10, 11, 70]
57		1951.7816707235002		[22, 0, 61, 68, 36, 20, 29, 73, 69, 14, 12, 13, 53, 19, 46, 33, 6, 34, 64, 37, 8, 31, 54, 38, 58, 71, 50, 55, 48, 15, 41, 60, 42, 5, 3, 1, 75, 2, 17, 39, 40, 7, 27, 65, 4, 45, 21, 32, 26, 9, 67, 35, 56, 49, 44, 62, 47, 59, 30, 23, 24, 63, 52, 16, 28, 72, 74, 18, 25, 51, 57, 43, 66, 10, 11, 70]
58		1945.431780865359		[55, 0, 61, 68, 36, 20, 29, 73, 69, 14, 12, 13, 53, 19, 46, 33, 6, 34, 64, 37, 8, 31, 54, 38, 58, 71, 50, 22, 48, 15, 41, 60, 42, 5, 3, 1, 75, 2, 17, 39, 40, 7, 27, 65, 4, 45, 21, 32, 26, 9, 67, 35, 56, 49, 44, 62, 47, 59, 30, 23, 24, 63, 52, 16, 28, 72, 74, 18, 25, 51, 57, 43, 66, 10, 11, 70]
59		1939.6960676244303		[15, 0, 61, 68, 36, 20, 29, 73, 69, 14, 12, 13, 53, 19, 46, 33, 6, 34, 64, 37, 8, 31, 54, 38, 58, 71, 50, 22, 48, 55, 41, 60, 42, 5, 3, 1, 75, 2, 17, 39, 40, 7, 27, 65, 4, 45, 21, 32, 26, 9, 67, 35, 56, 49, 44, 62, 47, 59, 30, 23, 24, 63, 52, 16, 28, 72, 74, 18, 25, 51, 57, 43, 66, 10, 11, 70]
60		1924.8090123347142		[22, 0, 61, 68, 36, 20, 29, 73, 69, 14, 12, 13, 53, 19, 46, 33, 6, 34, 64, 37, 8, 31, 54, 38, 58, 71, 50, 15, 48, 55, 41, 60, 42, 5, 3, 1, 75, 2, 17, 39, 40, 7, 27, 65, 4, 45, 21, 32, 26, 9, 67, 35, 56, 49, 44, 62, 47, 59, 30, 23, 24, 63, 52, 16, 28, 72, 74, 18, 25, 51, 57, 43, 66, 10, 11, 70]
61		1924.637472777526		[55, 0, 61, 68, 36, 20, 29, 73, 69, 14, 12, 13, 53, 19, 46, 33, 6, 34, 64, 37, 8, 31, 54, 38, 58, 71, 50, 15, 48, 22, 41, 60, 42, 5, 3, 1, 75, 2, 17, 39, 40, 7, 27, 65, 4, 45, 21, 32, 26, 9, 67, 35, 56, 49, 44, 62, 47, 59, 30, 23, 24, 63, 52, 16, 28, 72, 74, 18, 25, 51, 57, 43, 66, 10, 11, 70]
62		1923.2978868653302		[41, 0, 61, 68, 36, 20, 29, 73, 69, 14, 12, 13, 53, 19, 46, 33, 6, 34, 64, 37, 8, 31, 54, 38, 58, 71, 50, 15, 48, 22, 55, 60, 42, 5, 3, 1, 75, 2, 17, 39, 40, 7, 27, 65, 4, 45, 21, 32, 26, 9, 67, 35, 56, 49, 44, 62, 47, 59, 30, 23, 24, 63, 52, 16, 28, 72, 74, 18, 25, 51, 57, 43, 66, 10, 11, 70]
63		1893.875439902327		[60, 0, 61, 68, 36, 20, 29, 73, 69, 14, 12, 13, 53, 19, 46, 33, 6, 34, 64, 37, 8, 31, 54, 38, 58, 71, 50, 15, 48, 22, 55, 41, 42, 5, 3, 1, 75, 2, 17, 39, 40, 7, 27, 65, 4, 45, 21, 32, 26, 9, 67, 35, 56, 49, 44, 62, 47, 59, 30, 23, 24, 63, 52, 16, 28, 72, 74, 18, 25, 51, 57, 43, 66, 10, 11, 70]
64		1882.4050785763268		[61, 0, 60, 68, 36, 20, 29, 73, 69, 14, 12, 13, 53, 19, 46, 33, 6, 34, 64, 37, 8, 31, 54, 38, 58, 71, 50, 15, 48, 22, 55, 41, 42, 5, 3, 1, 75, 2, 17, 39, 40, 7, 27, 65, 4, 45, 21, 32, 26, 9, 67, 35, 56, 49, 44, 62, 47, 59, 30, 23, 24, 63, 52, 16, 28, 72, 74, 18, 25, 51, 57, 43, 66, 10, 11, 70]
65		1876.3763331625853		[0, 61, 60, 68, 36, 20, 29, 73, 69, 14, 12, 13, 53, 19, 46, 33, 6, 34, 64, 37, 8, 31, 54, 38, 58, 71, 50, 15, 48, 22, 55, 41, 42, 5, 3, 1, 75, 2, 17, 39, 40, 7, 27, 65, 4, 45, 21, 32, 26, 9, 67, 35, 56, 49, 44, 62, 47, 59, 30, 23, 24, 63, 52, 16, 28, 72, 74, 18, 25, 51, 57, 43, 66, 10, 11, 70]
66		1866.820561080509		[40, 61, 60, 68, 36, 20, 29, 73, 69, 14, 12, 13, 53, 19, 46, 33, 6, 34, 64, 37, 8, 31, 54, 38, 58, 71, 50, 15, 48, 22, 55, 41, 42, 5, 3, 1, 75, 2, 17, 39, 0, 7, 27, 65, 4, 45, 21, 32, 26, 9, 67, 35, 56, 49, 44, 62, 47, 59, 30, 23, 24, 63, 52, 16, 28, 72, 74, 18, 25, 51, 57, 43, 66, 10, 11, 70]
67		1859.8882139488728		[41, 61, 60, 68, 36, 20, 29, 73, 69, 14, 12, 13, 53, 19, 46, 33, 6, 34, 64, 37, 8, 31, 54, 38, 58, 71, 50, 15, 48, 22, 55, 40, 42, 5, 3, 1, 75, 2, 17, 39, 0, 7, 27, 65, 4, 45, 21, 32, 26, 9, 67, 35, 56, 49, 44, 62, 47, 59, 30, 23, 24, 63, 52, 16, 28, 72, 74, 18, 25, 51, 57, 43, 66, 10, 11, 70]
68		1834.3657550119183		[7, 61, 60, 68, 36, 20, 29, 73, 69, 14, 12, 13, 53, 19, 46, 33, 6, 34, 64, 37, 8, 31, 54, 38, 58, 71, 50, 15, 48, 22, 55, 40, 42, 5, 3, 1, 75, 2, 17, 39, 0, 41, 27, 65, 4, 45, 21, 32, 26, 9, 67, 35, 56, 49, 44, 62, 47, 59, 30, 23, 24, 63, 52, 16, 28, 72, 74, 18, 25, 51, 57, 43, 66, 10, 11, 70]
69		1834.021326829298		[13, 61, 60, 68, 36, 20, 29, 73, 69, 14, 12, 7, 53, 19, 46, 33, 6, 34, 64, 37, 8, 31, 54, 38, 58, 71, 50, 15, 48, 22, 55, 40, 42, 5, 3, 1, 75, 2, 17, 39, 0, 41, 27, 65, 4, 45, 21, 32, 26, 9, 67, 35, 56, 49, 44, 62, 47, 59, 30, 23, 24, 63, 52, 16, 28, 72, 74, 18, 25, 51, 57, 43, 66, 10, 11, 70]
70		1828.681633991028		[46, 61, 60, 68, 36, 20, 29, 73, 69, 14, 12, 7, 53, 19, 13, 33, 6, 34, 64, 37, 8, 31, 54, 38, 58, 71, 50, 15, 48, 22, 55, 40, 42, 5, 3, 1, 75, 2, 17, 39, 0, 41, 27, 65, 4, 45, 21, 32, 26, 9, 67, 35, 56, 49, 44, 62, 47, 59, 30, 23, 24, 63, 52, 16, 28, 72, 74, 18, 25, 51, 57, 43, 66, 10, 11, 70]
71		1825.5394983672973		[60, 61, 46, 68, 36, 20, 29, 73, 69, 14, 12, 7, 53, 19, 13, 33, 6, 34, 64, 37, 8, 31, 54, 38, 58, 71, 50, 15, 48, 22, 55, 40, 42, 5, 3, 1, 75, 2, 17, 39, 0, 41, 27, 65, 4, 45, 21, 32, 26, 9, 67, 35, 56, 49, 44, 62, 47, 59, 30, 23, 24, 63, 52, 16, 28, 72, 74, 18, 25, 51, 57, 43, 66, 10, 11, 70]
72		1821.5672872163025		[61, 60, 46, 68, 36, 20, 29, 73, 69, 14, 12, 7, 53, 19, 13, 33, 6, 34, 64, 37, 8, 31, 54, 38, 58, 71, 50, 15, 48, 22, 55, 40, 42, 5, 3, 1, 75, 2, 17, 39, 0, 41, 27, 65, 4, 45, 21, 32, 26, 9, 67, 35, 56, 49, 44, 62, 47, 59, 30, 23, 24, 63, 52, 16, 28, 72, 74, 18, 25, 51, 57, 43, 66, 10, 11, 70]
73		1812.7273844925105		[41, 60, 46, 68, 36, 20, 29, 73, 69, 14, 12, 7, 53, 19, 13, 33, 6, 34, 64, 37, 8, 31, 54, 38, 58, 71, 50, 15, 48, 22, 55, 40, 42, 5, 3, 1, 75, 2, 17, 39, 0, 61, 27, 65, 4, 45, 21, 32, 26, 9, 67, 35, 56, 49, 44, 62, 47, 59, 30, 23, 24, 63, 52, 16, 28, 72, 74, 18, 25, 51, 57, 43, 66, 10, 11, 70]
74		1807.8579226455163		[65, 60, 46, 68, 36, 20, 29, 73, 69, 14, 12, 7, 53, 19, 13, 33, 6, 34, 64, 37, 8, 31, 54, 38, 58, 71, 50, 15, 48, 22, 55, 40, 42, 5, 3, 1, 75, 2, 17, 39, 0, 61, 27, 41, 4, 45, 21, 32, 26, 9, 67, 35, 56, 49, 44, 62, 47, 59, 30, 23, 24, 63, 52, 16, 28, 72, 74, 18, 25, 51, 57, 43, 66, 10, 11, 70]
75		1747.8261190694009		[19, 60, 46, 68, 36, 20, 29, 73, 69, 14, 12, 7, 53, 65, 13, 33, 6, 34, 64, 37, 8, 31, 54, 38, 58, 71, 50, 15, 48, 22, 55, 40, 42, 5, 3, 1, 75, 2, 17, 39, 0, 61, 27, 41, 4, 45, 21, 32, 26, 9, 67, 35, 56, 49, 44, 62, 47, 59, 30, 23, 24, 63, 52, 16, 28, 72, 74, 18, 25, 51, 57, 43, 66, 10, 11, 70]
76		1747.214021634189		[60, 19, 46, 68, 36, 20, 29, 73, 69, 14, 12, 7, 53, 65, 13, 33, 6, 34, 64, 37, 8, 31, 54, 38, 58, 71, 50, 15, 48, 22, 55, 40, 42, 5, 3, 1, 75, 2, 17, 39, 0, 61, 27, 41, 4, 45, 21, 32, 26, 9, 67, 35, 56, 49, 44, 62, 47, 59, 30, 23, 24, 63, 52, 16, 28, 72, 74, 18, 25, 51, 57, 43, 66, 10, 11, 70]
77		1716.0301319645173		[36, 19, 46, 68, 60, 20, 29, 73, 69, 14, 12, 7, 53, 65, 13, 33, 6, 34, 64, 37, 8, 31, 54, 38, 58, 71, 50, 15, 48, 22, 55, 40, 42, 5, 3, 1, 75, 2, 17, 39, 0, 61, 27, 41, 4, 45, 21, 32, 26, 9, 67, 35, 56, 49, 44, 62, 47, 59, 30, 23, 24, 63, 52, 16, 28, 72, 74, 18, 25, 51, 57, 43, 66, 10, 11, 70]
78		1709.9989124226358		[19, 36, 46, 68, 60, 20, 29, 73, 69, 14, 12, 7, 53, 65, 13, 33, 6, 34, 64, 37, 8, 31, 54, 38, 58, 71, 50, 15, 48, 22, 55, 40, 42, 5, 3, 1, 75, 2, 17, 39, 0, 61, 27, 41, 4, 45, 21, 32, 26, 9, 67, 35, 56, 49, 44, 62, 47, 59, 30, 23, 24, 63, 52, 16, 28, 72, 74, 18, 25, 51, 57, 43, 66, 10, 11, 70]
79		1705.4612874631287		[69, 36, 46, 68, 60, 20, 29, 73, 19, 14, 12, 7, 53, 65, 13, 33, 6, 34, 64, 37, 8, 31, 54, 38, 58, 71, 50, 15, 48, 22, 55, 40, 42, 5, 3, 1, 75, 2, 17, 39, 0, 61, 27, 41, 4, 45, 21, 32, 26, 9, 67, 35, 56, 49, 44, 62, 47, 59, 30, 23, 24, 63, 52, 16, 28, 72, 74, 18, 25, 51, 57, 43, 66, 10, 11, 70]
80		1701.9460638549879		[49, 36, 46, 68, 60, 20, 29, 73, 19, 14, 12, 7, 53, 65, 13, 33, 6, 34, 64, 37, 8, 31, 54, 38, 58, 71, 50, 15, 48, 22, 55, 40, 42, 5, 3, 1, 75, 2, 17, 39, 0, 61, 27, 41, 4, 45, 21, 32, 26, 9, 67, 35, 56, 69, 44, 62, 47, 59, 30, 23, 24, 63, 52, 16, 28, 72, 74, 18, 25, 51, 57, 43, 66, 10, 11, 70]
81		1693.0573226049648		[31, 36, 46, 68, 60, 20, 29, 73, 19, 14, 12, 7, 53, 65, 13, 33, 6, 34, 64, 37, 8, 49, 54, 38, 58, 71, 50, 15, 48, 22, 55, 40, 42, 5, 3, 1, 75, 2, 17, 39, 0, 61, 27, 41, 4, 45, 21, 32, 26, 9, 67, 35, 56, 69, 44, 62, 47, 59, 30, 23, 24, 63, 52, 16, 28, 72, 74, 18, 25, 51, 57, 43, 66, 10, 11, 70]
82		1639.2948427158549		[58, 36, 46, 68, 60, 20, 29, 73, 19, 14, 12, 7, 53, 65, 13, 33, 6, 34, 64, 37, 8, 49, 54, 38, 31, 71, 50, 15, 48, 22, 55, 40, 42, 5, 3, 1, 75, 2, 17, 39, 0, 61, 27, 41, 4, 45, 21, 32, 26, 9, 67, 35, 56, 69, 44, 62, 47, 59, 30, 23, 24, 63, 52, 16, 28, 72, 74, 18, 25, 51, 57, 43, 66, 10, 11, 70]
83		1610.460336557143		[53, 36, 46, 68, 60, 20, 29, 73, 19, 14, 12, 7, 58, 65, 13, 33, 6, 34, 64, 37, 8, 49, 54, 38, 31, 71, 50, 15, 48, 22, 55, 40, 42, 5, 3, 1, 75, 2, 17, 39, 0, 61, 27, 41, 4, 45, 21, 32, 26, 9, 67, 35, 56, 69, 44, 62, 47, 59, 30, 23, 24, 63, 52, 16, 28, 72, 74, 18, 25, 51, 57, 43, 66, 10, 11, 70]
84		1604.0889252088903		[19, 36, 46, 68, 60, 20, 29, 73, 53, 14, 12, 7, 58, 65, 13, 33, 6, 34, 64, 37, 8, 49, 54, 38, 31, 71, 50, 15, 48, 22, 55, 40, 42, 5, 3, 1, 75, 2, 17, 39, 0, 61, 27, 41, 4, 45, 21, 32, 26, 9, 67, 35, 56, 69, 44, 62, 47, 59, 30, 23, 24, 63, 52, 16, 28, 72, 74, 18, 25, 51, 57, 43, 66, 10, 11, 70]
85		1590.380518997509		[56, 36, 46, 68, 60, 20, 29, 73, 53, 14, 12, 7, 58, 65, 13, 33, 6, 34, 64, 37, 8, 49, 54, 38, 31, 71, 50, 15, 48, 22, 55, 40, 42, 5, 3, 1, 75, 2, 17, 39, 0, 61, 27, 41, 4, 45, 21, 32, 26, 9, 67, 35, 19, 69, 44, 62, 47, 59, 30, 23, 24, 63, 52, 16, 28, 72, 74, 18, 25, 51, 57, 43, 66, 10, 11, 70]
86		1582.5851857921514		[53, 36, 46, 68, 60, 20, 29, 73, 56, 14, 12, 7, 58, 65, 13, 33, 6, 34, 64, 37, 8, 49, 54, 38, 31, 71, 50, 15, 48, 22, 55, 40, 42, 5, 3, 1, 75, 2, 17, 39, 0, 61, 27, 41, 4, 45, 21, 32, 26, 9, 67, 35, 19, 69, 44, 62, 47, 59, 30, 23, 24, 63, 52, 16, 28, 72, 74, 18, 25, 51, 57, 43, 66, 10, 11, 70]
87		1571.5886508262902		[14, 36, 46, 68, 60, 20, 29, 73, 56, 53, 12, 7, 58, 65, 13, 33, 6, 34, 64, 37, 8, 49, 54, 38, 31, 71, 50, 15, 48, 22, 55, 40, 42, 5, 3, 1, 75, 2, 17, 39, 0, 61, 27, 41, 4, 45, 21, 32, 26, 9, 67, 35, 19, 69, 44, 62, 47, 59, 30, 23, 24, 63, 52, 16, 28, 72, 74, 18, 25, 51, 57, 43, 66, 10, 11, 70]
88		1565.9147348022082		[35, 36, 46, 68, 60, 20, 29, 73, 56, 53, 12, 7, 58, 65, 13, 33, 6, 34, 64, 37, 8, 49, 54, 38, 31, 71, 50, 15, 48, 22, 55, 40, 42, 5, 3, 1, 75, 2, 17, 39, 0, 61, 27, 41, 4, 45, 21, 32, 26, 9, 67, 14, 19, 69, 44, 62, 47, 59, 30, 23, 24, 63, 52, 16, 28, 72, 74, 18, 25, 51, 57, 43, 66, 10, 11, 70]
89		1562.317859039641		[36, 35, 46, 68, 60, 20, 29, 73, 56, 53, 12, 7, 58, 65, 13, 33, 6, 34, 64, 37, 8, 49, 54, 38, 31, 71, 50, 15, 48, 22, 55, 40, 42, 5, 3, 1, 75, 2, 17, 39, 0, 61, 27, 41, 4, 45, 21, 32, 26, 9, 67, 14, 19, 69, 44, 62, 47, 59, 30, 23, 24, 63, 52, 16, 28, 72, 74, 18, 25, 51, 57, 43, 66, 10, 11, 70]
90		1557.5807123144782		[69, 35, 46, 68, 60, 20, 29, 73, 56, 53, 12, 7, 58, 65, 13, 33, 6, 34, 64, 37, 8, 49, 54, 38, 31, 71, 50, 15, 48, 22, 55, 40, 42, 5, 3, 1, 75, 2, 17, 39, 0, 61, 27, 41, 4, 45, 21, 32, 26, 9, 67, 14, 19, 36, 44, 62, 47, 59, 30, 23, 24, 63, 52, 16, 28, 72, 74, 18, 25, 51, 57, 43, 66, 10, 11, 70]
91		1553.2119418202205		[59, 35, 46, 68, 60, 20, 29, 73, 56, 53, 12, 7, 58, 65, 13, 33, 6, 34, 64, 37, 8, 49, 54, 38, 31, 71, 50, 15, 48, 22, 55, 40, 42, 5, 3, 1, 75, 2, 17, 39, 0, 61, 27, 41, 4, 45, 21, 32, 26, 9, 67, 14, 19, 36, 44, 62, 47, 69, 30, 23, 24, 63, 52, 16, 28, 72, 74, 18, 25, 51, 57, 43, 66, 10, 11, 70]
92		1551.9634238440403		[70, 35, 46, 68, 60, 20, 29, 73, 56, 53, 12, 7, 58, 65, 13, 33, 6, 34, 64, 37, 8, 49, 54, 38, 31, 71, 50, 15, 48, 22, 55, 40, 42, 5, 3, 1, 75, 2, 17, 39, 0, 61, 27, 41, 4, 45, 21, 32, 26, 9, 67, 14, 19, 36, 44, 62, 47, 69, 30, 23, 24, 63, 52, 16, 28, 72, 74, 18, 25, 51, 57, 43, 66, 10, 11, 59]
93		1550.018808982178		[46, 35, 70, 68, 60, 20, 29, 73, 56, 53, 12, 7, 58, 65, 13, 33, 6, 34, 64, 37, 8, 49, 54, 38, 31, 71, 50, 15, 48, 22, 55, 40, 42, 5, 3, 1, 75, 2, 17, 39, 0, 61, 27, 41, 4, 45, 21, 32, 26, 9, 67, 14, 19, 36, 44, 62, 47, 69, 30, 23, 24, 63, 52, 16, 28, 72, 74, 18, 25, 51, 57, 43, 66, 10, 11, 59]
94		1544.3773924282536		[41, 35, 70, 68, 60, 20, 29, 73, 56, 53, 12, 7, 58, 65, 13, 33, 6, 34, 64, 37, 8, 49, 54, 38, 31, 71, 50, 15, 48, 22, 55, 40, 42, 5, 3, 1, 75, 2, 17, 39, 0, 61, 27, 46, 4, 45, 21, 32, 26, 9, 67, 14, 19, 36, 44, 62, 47, 69, 30, 23, 24, 63, 52, 16, 28, 72, 74, 18, 25, 51, 57, 43, 66, 10, 11, 59]
95		1544.0687619831244		[5, 35, 70, 68, 60, 20, 29, 73, 56, 53, 12, 7, 58, 65, 13, 33, 6, 34, 64, 37, 8, 49, 54, 38, 31, 71, 50, 15, 48, 22, 55, 40, 42, 41, 3, 1, 75, 2, 17, 39, 0, 61, 27, 46, 4, 45, 21, 32, 26, 9, 67, 14, 19, 36, 44, 62, 47, 69, 30, 23, 24, 63, 52, 16, 28, 72, 74, 18, 25, 51, 57, 43, 66, 10, 11, 59]
96		1539.9165845862144		[20, 35, 70, 68, 60, 5, 29, 73, 56, 53, 12, 7, 58, 65, 13, 33, 6, 34, 64, 37, 8, 49, 54, 38, 31, 71, 50, 15, 48, 22, 55, 40, 42, 41, 3, 1, 75, 2, 17, 39, 0, 61, 27, 46, 4, 45, 21, 32, 26, 9, 67, 14, 19, 36, 44, 62, 47, 69, 30, 23, 24, 63, 52, 16, 28, 72, 74, 18, 25, 51, 57, 43, 66, 10, 11, 59]
97		1536.3002759154085		[46, 35, 70, 68, 60, 5, 29, 73, 56, 53, 12, 7, 58, 65, 13, 33, 6, 34, 64, 37, 8, 49, 54, 38, 31, 71, 50, 15, 48, 22, 55, 40, 42, 41, 3, 1, 75, 2, 17, 39, 0, 61, 27, 20, 4, 45, 21, 32, 26, 9, 67, 14, 19, 36, 44, 62, 47, 69, 30, 23, 24, 63, 52, 16, 28, 72, 74, 18, 25, 51, 57, 43, 66, 10, 11, 59]
98		1532.542666794251		[45, 35, 70, 68, 60, 5, 29, 73, 56, 53, 12, 7, 58, 65, 13, 33, 6, 34, 64, 37, 8, 49, 54, 38, 31, 71, 50, 15, 48, 22, 55, 40, 42, 41, 3, 1, 75, 2, 17, 39, 0, 61, 27, 20, 4, 46, 21, 32, 26, 9, 67, 14, 19, 36, 44, 62, 47, 69, 30, 23, 24, 63, 52, 16, 28, 72, 74, 18, 25, 51, 57, 43, 66, 10, 11, 59]
99		1523.3441144130477		[73, 35, 70, 68, 60, 5, 29, 45, 56, 53, 12, 7, 58, 65, 13, 33, 6, 34, 64, 37, 8, 49, 54, 38, 31, 71, 50, 15, 48, 22, 55, 40, 42, 41, 3, 1, 75, 2, 17, 39, 0, 61, 27, 20, 4, 46, 21, 32, 26, 9, 67, 14, 19, 36, 44, 62, 47, 69, 30, 23, 24, 63, 52, 16, 28, 72, 74, 18, 25, 51, 57, 43, 66, 10, 11, 59]
100		1516.7965995957716		[60, 35, 70, 68, 73, 5, 29, 45, 56, 53, 12, 7, 58, 65, 13, 33, 6, 34, 64, 37, 8, 49, 54, 38, 31, 71, 50, 15, 48, 22, 55, 40, 42, 41, 3, 1, 75, 2, 17, 39, 0, 61, 27, 20, 4, 46, 21, 32, 26, 9, 67, 14, 19, 36, 44, 62, 47, 69, 30, 23, 24, 63, 52, 16, 28, 72, 74, 18, 25, 51, 57, 43, 66, 10, 11, 59]
101		1515.2272144748667		[68, 35, 70, 60, 73, 5, 29, 45, 56, 53, 12, 7, 58, 65, 13, 33, 6, 34, 64, 37, 8, 49, 54, 38, 31, 71, 50, 15, 48, 22, 55, 40, 42, 41, 3, 1, 75, 2, 17, 39, 0, 61, 27, 20, 4, 46, 21, 32, 26, 9, 67, 14, 19, 36, 44, 62, 47, 69, 30, 23, 24, 63, 52, 16, 28, 72, 74, 18, 25, 51, 57, 43, 66, 10, 11, 59]
102		1506.347621232155		[70, 35, 68, 60, 73, 5, 29, 45, 56, 53, 12, 7, 58, 65, 13, 33, 6, 34, 64, 37, 8, 49, 54, 38, 31, 71, 50, 15, 48, 22, 55, 40, 42, 41, 3, 1, 75, 2, 17, 39, 0, 61, 27, 20, 4, 46, 21, 32, 26, 9, 67, 14, 19, 36, 44, 62, 47, 69, 30, 23, 24, 63, 52, 16, 28, 72, 74, 18, 25, 51, 57, 43, 66, 10, 11, 59]
103		1499.9140270526937		[70, 69, 68, 60, 73, 5, 29, 45, 56, 53, 12, 7, 58, 65, 13, 33, 6, 34, 64, 37, 8, 49, 54, 38, 31, 71, 50, 15, 48, 22, 55, 40, 42, 41, 3, 1, 75, 2, 17, 39, 0, 61, 27, 20, 4, 46, 21, 32, 26, 9, 67, 14, 19, 36, 44, 62, 47, 35, 30, 23, 24, 63, 52, 16, 28, 72, 74, 18, 25, 51, 57, 43, 66, 10, 11, 59]
104		1492.4769896883604		[69, 70, 68, 60, 73, 5, 29, 45, 56, 53, 12, 7, 58, 65, 13, 33, 6, 34, 64, 37, 8, 49, 54, 38, 31, 71, 50, 15, 48, 22, 55, 40, 42, 41, 3, 1, 75, 2, 17, 39, 0, 61, 27, 20, 4, 46, 21, 32, 26, 9, 67, 14, 19, 36, 44, 62, 47, 35, 30, 23, 24, 63, 52, 16, 28, 72, 74, 18, 25, 51, 57, 43, 66, 10, 11, 59]
105		1487.7428641329473		[59, 70, 68, 60, 73, 5, 29, 45, 56, 53, 12, 7, 58, 65, 13, 33, 6, 34, 64, 37, 8, 49, 54, 38, 31, 71, 50, 15, 48, 22, 55, 40, 42, 41, 3, 1, 75, 2, 17, 39, 0, 61, 27, 20, 4, 46, 21, 32, 26, 9, 67, 14, 19, 36, 44, 62, 47, 35, 30, 23, 24, 63, 52, 16, 28, 72, 74, 18, 25, 51, 57, 43, 66, 10, 11, 69]
106		1485.8739947068498		[59, 70, 68, 46, 73, 5, 29, 45, 56, 53, 12, 7, 58, 65, 13, 33, 6, 34, 64, 37, 8, 49, 54, 38, 31, 71, 50, 15, 48, 22, 55, 40, 42, 41, 3, 1, 75, 2, 17, 39, 0, 61, 27, 20, 4, 60, 21, 32, 26, 9, 67, 14, 19, 36, 44, 62, 47, 35, 30, 23, 24, 63, 52, 16, 28, 72, 74, 18, 25, 51, 57, 43, 66, 10, 11, 69]
107		1476.7333892741435		[59, 70, 4, 46, 73, 5, 29, 45, 56, 53, 12, 7, 58, 65, 13, 33, 6, 34, 64, 37, 8, 49, 54, 38, 31, 71, 50, 15, 48, 22, 55, 40, 42, 41, 3, 1, 75, 2, 17, 39, 0, 61, 27, 20, 68, 60, 21, 32, 26, 9, 67, 14, 19, 36, 44, 62, 47, 35, 30, 23, 24, 63, 52, 16, 28, 72, 74, 18, 25, 51, 57, 43, 66, 10, 11, 69]
108		1475.7362055768872		[59, 69, 4, 46, 73, 5, 29, 45, 56, 53, 12, 7, 58, 65, 13, 33, 6, 34, 64, 37, 8, 49, 54, 38, 31, 71, 50, 15, 48, 22, 55, 40, 42, 41, 3, 1, 75, 2, 17, 39, 0, 61, 27, 20, 68, 60, 21, 32, 26, 9, 67, 14, 19, 36, 44, 62, 47, 35, 30, 23, 24, 63, 52, 16, 28, 72, 74, 18, 25, 51, 57, 43, 66, 10, 11, 70]
109		1472.6977701264002		[59, 69, 19, 46, 73, 5, 29, 45, 56, 53, 12, 7, 58, 65, 13, 33, 6, 34, 64, 37, 8, 49, 54, 38, 31, 71, 50, 15, 48, 22, 55, 40, 42, 41, 3, 1, 75, 2, 17, 39, 0, 61, 27, 20, 68, 60, 21, 32, 26, 9, 67, 14, 4, 36, 44, 62, 47, 35, 30, 23, 24, 63, 52, 16, 28, 72, 74, 18, 25, 51, 57, 43, 66, 10, 11, 70]
110		1468.1215341977538		[59, 69, 70, 46, 73, 5, 29, 45, 56, 53, 12, 7, 58, 65, 13, 33, 6, 34, 64, 37, 8, 49, 54, 38, 31, 71, 50, 15, 48, 22, 55, 40, 42, 41, 3, 1, 75, 2, 17, 39, 0, 61, 27, 20, 68, 60, 21, 32, 26, 9, 67, 14, 4, 36, 44, 62, 47, 35, 30, 23, 24, 63, 52, 16, 28, 72, 74, 18, 25, 51, 57, 43, 66, 10, 11, 19]
111		1465.6047806054826		[69, 59, 70, 46, 73, 5, 29, 45, 56, 53, 12, 7, 58, 65, 13, 33, 6, 34, 64, 37, 8, 49, 54, 38, 31, 71, 50, 15, 48, 22, 55, 40, 42, 41, 3, 1, 75, 2, 17, 39, 0, 61, 27, 20, 68, 60, 21, 32, 26, 9, 67, 14, 4, 36, 44, 62, 47, 35, 30, 23, 24, 63, 52, 16, 28, 72, 74, 18, 25, 51, 57, 43, 66, 10, 11, 19]
112		1453.0388826108829		[69, 59, 70, 35, 73, 5, 29, 45, 56, 53, 12, 7, 58, 65, 13, 33, 6, 34, 64, 37, 8, 49, 54, 38, 31, 71, 50, 15, 48, 22, 55, 40, 42, 41, 3, 1, 75, 2, 17, 39, 0, 61, 27, 20, 68, 60, 21, 32, 26, 9, 67, 14, 4, 36, 44, 62, 47, 46, 30, 23, 24, 63, 52, 16, 28, 72, 74, 18, 25, 51, 57, 43, 66, 10, 11, 19]
113		1442.3674452309983		[69, 59, 70, 35, 3, 5, 29, 45, 56, 53, 12, 7, 58, 65, 13, 33, 6, 34, 64, 37, 8, 49, 54, 38, 31, 71, 50, 15, 48, 22, 55, 40, 42, 41, 73, 1, 75, 2, 17, 39, 0, 61, 27, 20, 68, 60, 21, 32, 26, 9, 67, 14, 4, 36, 44, 62, 47, 46, 30, 23, 24, 63, 52, 16, 28, 72, 74, 18, 25, 51, 57, 43, 66, 10, 11, 19]
114		1441.596104376217		[69, 59, 70, 44, 3, 5, 29, 45, 56, 53, 12, 7, 58, 65, 13, 33, 6, 34, 64, 37, 8, 49, 54, 38, 31, 71, 50, 15, 48, 22, 55, 40, 42, 41, 73, 1, 75, 2, 17, 39, 0, 61, 27, 20, 68, 60, 21, 32, 26, 9, 67, 14, 4, 36, 35, 62, 47, 46, 30, 23, 24, 63, 52, 16, 28, 72, 74, 18, 25, 51, 57, 43, 66, 10, 11, 19]
115		1439.9813949123622		[69, 59, 70, 45, 3, 5, 29, 44, 56, 53, 12, 7, 58, 65, 13, 33, 6, 34, 64, 37, 8, 49, 54, 38, 31, 71, 50, 15, 48, 22, 55, 40, 42, 41, 73, 1, 75, 2, 17, 39, 0, 61, 27, 20, 68, 60, 21, 32, 26, 9, 67, 14, 4, 36, 35, 62, 47, 46, 30, 23, 24, 63, 52, 16, 28, 72, 74, 18, 25, 51, 57, 43, 66, 10, 11, 19]
116		1439.288216802991		[70, 59, 69, 45, 3, 5, 29, 44, 56, 53, 12, 7, 58, 65, 13, 33, 6, 34, 64, 37, 8, 49, 54, 38, 31, 71, 50, 15, 48, 22, 55, 40, 42, 41, 73, 1, 75, 2, 17, 39, 0, 61, 27, 20, 68, 60, 21, 32, 26, 9, 67, 14, 4, 36, 35, 62, 47, 46, 30, 23, 24, 63, 52, 16, 28, 72, 74, 18, 25, 51, 57, 43, 66, 10, 11, 19]
117		1432.1074407687167		[70, 59, 69, 56, 3, 5, 29, 44, 45, 53, 12, 7, 58, 65, 13, 33, 6, 34, 64, 37, 8, 49, 54, 38, 31, 71, 50, 15, 48, 22, 55, 40, 42, 41, 73, 1, 75, 2, 17, 39, 0, 61, 27, 20, 68, 60, 21, 32, 26, 9, 67, 14, 4, 36, 35, 62, 47, 46, 30, 23, 24, 63, 52, 16, 28, 72, 74, 18, 25, 51, 57, 43, 66, 10, 11, 19]
118		1428.2322608264012		[70, 59, 69, 67, 3, 5, 29, 44, 45, 53, 12, 7, 58, 65, 13, 33, 6, 34, 64, 37, 8, 49, 54, 38, 31, 71, 50, 15, 48, 22, 55, 40, 42, 41, 73, 1, 75, 2, 17, 39, 0, 61, 27, 20, 68, 60, 21, 32, 26, 9, 56, 14, 4, 36, 35, 62, 47, 46, 30, 23, 24, 63, 52, 16, 28, 72, 74, 18, 25, 51, 57, 43, 66, 10, 11, 19]
119		1425.6956120681543		[69, 59, 70, 67, 3, 5, 29, 44, 45, 53, 12, 7, 58, 65, 13, 33, 6, 34, 64, 37, 8, 49, 54, 38, 31, 71, 50, 15, 48, 22, 55, 40, 42, 41, 73, 1, 75, 2, 17, 39, 0, 61, 27, 20, 68, 60, 21, 32, 26, 9, 56, 14, 4, 36, 35, 62, 47, 46, 30, 23, 24, 63, 52, 16, 28, 72, 74, 18, 25, 51, 57, 43, 66, 10, 11, 19]
120		1412.583116966654		[69, 59, 62, 67, 3, 5, 29, 44, 45, 53, 12, 7, 58, 65, 13, 33, 6, 34, 64, 37, 8, 49, 54, 38, 31, 71, 50, 15, 48, 22, 55, 40, 42, 41, 73, 1, 75, 2, 17, 39, 0, 61, 27, 20, 68, 60, 21, 32, 26, 9, 56, 14, 4, 36, 35, 70, 47, 46, 30, 23, 24, 63, 52, 16, 28, 72, 74, 18, 25, 51, 57, 43, 66, 10, 11, 19]
121		1412.4655827458594		[59, 69, 62, 67, 3, 5, 29, 44, 45, 53, 12, 7, 58, 65, 13, 33, 6, 34, 64, 37, 8, 49, 54, 38, 31, 71, 50, 15, 48, 22, 55, 40, 42, 41, 73, 1, 75, 2, 17, 39, 0, 61, 27, 20, 68, 60, 21, 32, 26, 9, 56, 14, 4, 36, 35, 70, 47, 46, 30, 23, 24, 63, 52, 16, 28, 72, 74, 18, 25, 51, 57, 43, 66, 10, 11, 19]
122		1410.0653213666392		[59, 35, 62, 67, 3, 5, 29, 44, 45, 53, 12, 7, 58, 65, 13, 33, 6, 34, 64, 37, 8, 49, 54, 38, 31, 71, 50, 15, 48, 22, 55, 40, 42, 41, 73, 1, 75, 2, 17, 39, 0, 61, 27, 20, 68, 60, 21, 32, 26, 9, 56, 14, 4, 36, 69, 70, 47, 46, 30, 23, 24, 63, 52, 16, 28, 72, 74, 18, 25, 51, 57, 43, 66, 10, 11, 19]
123		1406.2595954588596		[70, 35, 62, 67, 3, 5, 29, 44, 45, 53, 12, 7, 58, 65, 13, 33, 6, 34, 64, 37, 8, 49, 54, 38, 31, 71, 50, 15, 48, 22, 55, 40, 42, 41, 73, 1, 75, 2, 17, 39, 0, 61, 27, 20, 68, 60, 21, 32, 26, 9, 56, 14, 4, 36, 69, 59, 47, 46, 30, 23, 24, 63, 52, 16, 28, 72, 74, 18, 25, 51, 57, 43, 66, 10, 11, 19]
124		1400.601344913608		[47, 35, 62, 67, 3, 5, 29, 44, 45, 53, 12, 7, 58, 65, 13, 33, 6, 34, 64, 37, 8, 49, 54, 38, 31, 71, 50, 15, 48, 22, 55, 40, 42, 41, 73, 1, 75, 2, 17, 39, 0, 61, 27, 20, 68, 60, 21, 32, 26, 9, 56, 14, 4, 36, 69, 59, 70, 46, 30, 23, 24, 63, 52, 16, 28, 72, 74, 18, 25, 51, 57, 43, 66, 10, 11, 19]
125		1390.5660614066815		[35, 47, 62, 67, 3, 5, 29, 44, 45, 53, 12, 7, 58, 65, 13, 33, 6, 34, 64, 37, 8, 49, 54, 38, 31, 71, 50, 15, 48, 22, 55, 40, 42, 41, 73, 1, 75, 2, 17, 39, 0, 61, 27, 20, 68, 60, 21, 32, 26, 9, 56, 14, 4, 36, 69, 59, 70, 46, 30, 23, 24, 63, 52, 16, 28, 72, 74, 18, 25, 51, 57, 43, 66, 10, 11, 19]
126		1386.3448244971444		[9, 47, 62, 67, 3, 5, 29, 44, 45, 53, 12, 7, 58, 65, 13, 33, 6, 34, 64, 37, 8, 49, 54, 38, 31, 71, 50, 15, 48, 22, 55, 40, 42, 41, 73, 1, 75, 2, 17, 39, 0, 61, 27, 20, 68, 60, 21, 32, 26, 35, 56, 14, 4, 36, 69, 59, 70, 46, 30, 23, 24, 63, 52, 16, 28, 72, 74, 18, 25, 51, 57, 43, 66, 10, 11, 19]
127		1371.5732570090192		[33, 47, 62, 67, 3, 5, 29, 44, 45, 53, 12, 7, 58, 65, 13, 9, 6, 34, 64, 37, 8, 49, 54, 38, 31, 71, 50, 15, 48, 22, 55, 40, 42, 41, 73, 1, 75, 2, 17, 39, 0, 61, 27, 20, 68, 60, 21, 32, 26, 35, 56, 14, 4, 36, 69, 59, 70, 46, 30, 23, 24, 63, 52, 16, 28, 72, 74, 18, 25, 51, 57, 43, 66, 10, 11, 19]
128		1367.2174134075742		[62, 47, 33, 67, 3, 5, 29, 44, 45, 53, 12, 7, 58, 65, 13, 9, 6, 34, 64, 37, 8, 49, 54, 38, 31, 71, 50, 15, 48, 22, 55, 40, 42, 41, 73, 1, 75, 2, 17, 39, 0, 61, 27, 20, 68, 60, 21, 32, 26, 35, 56, 14, 4, 36, 69, 59, 70, 46, 30, 23, 24, 63, 52, 16, 28, 72, 74, 18, 25, 51, 57, 43, 66, 10, 11, 19]
129		1364.6524057627023		[3, 47, 33, 67, 62, 5, 29, 44, 45, 53, 12, 7, 58, 65, 13, 9, 6, 34, 64, 37, 8, 49, 54, 38, 31, 71, 50, 15, 48, 22, 55, 40, 42, 41, 73, 1, 75, 2, 17, 39, 0, 61, 27, 20, 68, 60, 21, 32, 26, 35, 56, 14, 4, 36, 69, 59, 70, 46, 30, 23, 24, 63, 52, 16, 28, 72, 74, 18, 25, 51, 57, 43, 66, 10, 11, 19]
130		1352.6185004000251		[47, 3, 33, 67, 62, 5, 29, 44, 45, 53, 12, 7, 58, 65, 13, 9, 6, 34, 64, 37, 8, 49, 54, 38, 31, 71, 50, 15, 48, 22, 55, 40, 42, 41, 73, 1, 75, 2, 17, 39, 0, 61, 27, 20, 68, 60, 21, 32, 26, 35, 56, 14, 4, 36, 69, 59, 70, 46, 30, 23, 24, 63, 52, 16, 28, 72, 74, 18, 25, 51, 57, 43, 66, 10, 11, 19]
131		1350.9718831244684		[32, 3, 33, 67, 62, 5, 29, 44, 45, 53, 12, 7, 58, 65, 13, 9, 6, 34, 64, 37, 8, 49, 54, 38, 31, 71, 50, 15, 48, 22, 55, 40, 42, 41, 73, 1, 75, 2, 17, 39, 0, 61, 27, 20, 68, 60, 21, 47, 26, 35, 56, 14, 4, 36, 69, 59, 70, 46, 30, 23, 24, 63, 52, 16, 28, 72, 74, 18, 25, 51, 57, 43, 66, 10, 11, 19]
132		1349.728549775692		[33, 3, 32, 67, 62, 5, 29, 44, 45, 53, 12, 7, 58, 65, 13, 9, 6, 34, 64, 37, 8, 49, 54, 38, 31, 71, 50, 15, 48, 22, 55, 40, 42, 41, 73, 1, 75, 2, 17, 39, 0, 61, 27, 20, 68, 60, 21, 47, 26, 35, 56, 14, 4, 36, 69, 59, 70, 46, 30, 23, 24, 63, 52, 16, 28, 72, 74, 18, 25, 51, 57, 43, 66, 10, 11, 19]
133		1347.5132412685996		[44, 3, 32, 67, 62, 5, 29, 33, 45, 53, 12, 7, 58, 65, 13, 9, 6, 34, 64, 37, 8, 49, 54, 38, 31, 71, 50, 15, 48, 22, 55, 40, 42, 41, 73, 1, 75, 2, 17, 39, 0, 61, 27, 20, 68, 60, 21, 47, 26, 35, 56, 14, 4, 36, 69, 59, 70, 46, 30, 23, 24, 63, 52, 16, 28, 72, 74, 18, 25, 51, 57, 43, 66, 10, 11, 19]
134		1347.233447504779		[32, 3, 44, 67, 62, 5, 29, 33, 45, 53, 12, 7, 58, 65, 13, 9, 6, 34, 64, 37, 8, 49, 54, 38, 31, 71, 50, 15, 48, 22, 55, 40, 42, 41, 73, 1, 75, 2, 17, 39, 0, 61, 27, 20, 68, 60, 21, 47, 26, 35, 56, 14, 4, 36, 69, 59, 70, 46, 30, 23, 24, 63, 52, 16, 28, 72, 74, 18, 25, 51, 57, 43, 66, 10, 11, 19]
135		1334.0746809103675		[67, 3, 44, 32, 62, 5, 29, 33, 45, 53, 12, 7, 58, 65, 13, 9, 6, 34, 64, 37, 8, 49, 54, 38, 31, 71, 50, 15, 48, 22, 55, 40, 42, 41, 73, 1, 75, 2, 17, 39, 0, 61, 27, 20, 68, 60, 21, 47, 26, 35, 56, 14, 4, 36, 69, 59, 70, 46, 30, 23, 24, 63, 52, 16, 28, 72, 74, 18, 25, 51, 57, 43, 66, 10, 11, 19]
136		1322.7029672521123		[44, 3, 67, 32, 62, 5, 29, 33, 45, 53, 12, 7, 58, 65, 13, 9, 6, 34, 64, 37, 8, 49, 54, 38, 31, 71, 50, 15, 48, 22, 55, 40, 42, 41, 73, 1, 75, 2, 17, 39, 0, 61, 27, 20, 68, 60, 21, 47, 26, 35, 56, 14, 4, 36, 69, 59, 70, 46, 30, 23, 24, 63, 52, 16, 28, 72, 74, 18, 25, 51, 57, 43, 66, 10, 11, 19]
137		1316.5117502138696		[26, 3, 67, 32, 62, 5, 29, 33, 45, 53, 12, 7, 58, 65, 13, 9, 6, 34, 64, 37, 8, 49, 54, 38, 31, 71, 50, 15, 48, 22, 55, 40, 42, 41, 73, 1, 75, 2, 17, 39, 0, 61, 27, 20, 68, 60, 21, 47, 44, 35, 56, 14, 4, 36, 69, 59, 70, 46, 30, 23, 24, 63, 52, 16, 28, 72, 74, 18, 25, 51, 57, 43, 66, 10, 11, 19]
138		1310.9976801714004		[35, 3, 67, 32, 62, 5, 29, 33, 45, 53, 12, 7, 58, 65, 13, 9, 6, 34, 64, 37, 8, 49, 54, 38, 31, 71, 50, 15, 48, 22, 55, 40, 42, 41, 73, 1, 75, 2, 17, 39, 0, 61, 27, 20, 68, 60, 21, 47, 44, 26, 56, 14, 4, 36, 69, 59, 70, 46, 30, 23, 24, 63, 52, 16, 28, 72, 74, 18, 25, 51, 57, 43, 66, 10, 11, 19]
139		1308.8490009312795		[21, 3, 67, 32, 62, 5, 29, 33, 45, 53, 12, 7, 58, 65, 13, 9, 6, 34, 64, 37, 8, 49, 54, 38, 31, 71, 50, 15, 48, 22, 55, 40, 42, 41, 73, 1, 75, 2, 17, 39, 0, 61, 27, 20, 68, 60, 35, 47, 44, 26, 56, 14, 4, 36, 69, 59, 70, 46, 30, 23, 24, 63, 52, 16, 28, 72, 74, 18, 25, 51, 57, 43, 66, 10, 11, 19]
140		1304.8426837553259		[5, 3, 67, 32, 62, 21, 29, 33, 45, 53, 12, 7, 58, 65, 13, 9, 6, 34, 64, 37, 8, 49, 54, 38, 31, 71, 50, 15, 48, 22, 55, 40, 42, 41, 73, 1, 75, 2, 17, 39, 0, 61, 27, 20, 68, 60, 35, 47, 44, 26, 56, 14, 4, 36, 69, 59, 70, 46, 30, 23, 24, 63, 52, 16, 28, 72, 74, 18, 25, 51, 57, 43, 66, 10, 11, 19]
141		1302.6615933796381		[3, 5, 67, 32, 62, 21, 29, 33, 45, 53, 12, 7, 58, 65, 13, 9, 6, 34, 64, 37, 8, 49, 54, 38, 31, 71, 50, 15, 48, 22, 55, 40, 42, 41, 73, 1, 75, 2, 17, 39, 0, 61, 27, 20, 68, 60, 35, 47, 44, 26, 56, 14, 4, 36, 69, 59, 70, 46, 30, 23, 24, 63, 52, 16, 28, 72, 74, 18, 25, 51, 57, 43, 66, 10, 11, 19]
142		1302.5127883935431		[29, 5, 67, 32, 62, 21, 3, 33, 45, 53, 12, 7, 58, 65, 13, 9, 6, 34, 64, 37, 8, 49, 54, 38, 31, 71, 50, 15, 48, 22, 55, 40, 42, 41, 73, 1, 75, 2, 17, 39, 0, 61, 27, 20, 68, 60, 35, 47, 44, 26, 56, 14, 4, 36, 69, 59, 70, 46, 30, 23, 24, 63, 52, 16, 28, 72, 74, 18, 25, 51, 57, 43, 66, 10, 11, 19]
143		1297.3106229721895		[21, 5, 67, 32, 62, 29, 3, 33, 45, 53, 12, 7, 58, 65, 13, 9, 6, 34, 64, 37, 8, 49, 54, 38, 31, 71, 50, 15, 48, 22, 55, 40, 42, 41, 73, 1, 75, 2, 17, 39, 0, 61, 27, 20, 68, 60, 35, 47, 44, 26, 56, 14, 4, 36, 69, 59, 70, 46, 30, 23, 24, 63, 52, 16, 28, 72, 74, 18, 25, 51, 57, 43, 66, 10, 11, 19]
144		1296.7490868286234		[62, 5, 67, 32, 21, 29, 3, 33, 45, 53, 12, 7, 58, 65, 13, 9, 6, 34, 64, 37, 8, 49, 54, 38, 31, 71, 50, 15, 48, 22, 55, 40, 42, 41, 73, 1, 75, 2, 17, 39, 0, 61, 27, 20, 68, 60, 35, 47, 44, 26, 56, 14, 4, 36, 69, 59, 70, 46, 30, 23, 24, 63, 52, 16, 28, 72, 74, 18, 25, 51, 57, 43, 66, 10, 11, 19]
145		1290.182738718248		[67, 5, 62, 32, 21, 29, 3, 33, 45, 53, 12, 7, 58, 65, 13, 9, 6, 34, 64, 37, 8, 49, 54, 38, 31, 71, 50, 15, 48, 22, 55, 40, 42, 41, 73, 1, 75, 2, 17, 39, 0, 61, 27, 20, 68, 60, 35, 47, 44, 26, 56, 14, 4, 36, 69, 59, 70, 46, 30, 23, 24, 63, 52, 16, 28, 72, 74, 18, 25, 51, 57, 43, 66, 10, 11, 19]
146		1288.184923114964		[75, 5, 62, 32, 21, 29, 3, 33, 45, 53, 12, 7, 58, 65, 13, 9, 6, 34, 64, 37, 8, 49, 54, 38, 31, 71, 50, 15, 48, 22, 55, 40, 42, 41, 73, 1, 67, 2, 17, 39, 0, 61, 27, 20, 68, 60, 35, 47, 44, 26, 56, 14, 4, 36, 69, 59, 70, 46, 30, 23, 24, 63, 52, 16, 28, 72, 74, 18, 25, 51, 57, 43, 66, 10, 11, 19]
147		1276.379934922103		[30, 5, 62, 32, 21, 29, 3, 33, 45, 53, 12, 7, 58, 65, 13, 9, 6, 34, 64, 37, 8, 49, 54, 38, 31, 71, 50, 15, 48, 22, 55, 40, 42, 41, 73, 1, 67, 2, 17, 39, 0, 61, 27, 20, 68, 60, 35, 47, 44, 26, 56, 14, 4, 36, 69, 59, 70, 46, 75, 23, 24, 63, 52, 16, 28, 72, 74, 18, 25, 51, 57, 43, 66, 10, 11, 19]
148		1271.5242538596435		[13, 5, 62, 32, 21, 29, 3, 33, 45, 53, 12, 7, 58, 65, 30, 9, 6, 34, 64, 37, 8, 49, 54, 38, 31, 71, 50, 15, 48, 22, 55, 40, 42, 41, 73, 1, 67, 2, 17, 39, 0, 61, 27, 20, 68, 60, 35, 47, 44, 26, 56, 14, 4, 36, 69, 59, 70, 46, 75, 23, 24, 63, 52, 16, 28, 72, 74, 18, 25, 51, 57, 43, 66, 10, 11, 19]
149		1255.3236438886784		[7, 5, 62, 32, 21, 29, 3, 33, 45, 53, 12, 13, 58, 65, 30, 9, 6, 34, 64, 37, 8, 49, 54, 38, 31, 71, 50, 15, 48, 22, 55, 40, 42, 41, 73, 1, 67, 2, 17, 39, 0, 61, 27, 20, 68, 60, 35, 47, 44, 26, 56, 14, 4, 36, 69, 59, 70, 46, 75, 23, 24, 63, 52, 16, 28, 72, 74, 18, 25, 51, 57, 43, 66, 10, 11, 19]
150		1251.8775026729306		[45, 5, 62, 32, 21, 29, 3, 33, 7, 53, 12, 13, 58, 65, 30, 9, 6, 34, 64, 37, 8, 49, 54, 38, 31, 71, 50, 15, 48, 22, 55, 40, 42, 41, 73, 1, 67, 2, 17, 39, 0, 61, 27, 20, 68, 60, 35, 47, 44, 26, 56, 14, 4, 36, 69, 59, 70, 46, 75, 23, 24, 63, 52, 16, 28, 72, 74, 18, 25, 51, 57, 43, 66, 10, 11, 19]
151		1248.0553811764705		[3, 5, 62, 32, 21, 29, 45, 33, 7, 53, 12, 13, 58, 65, 30, 9, 6, 34, 64, 37, 8, 49, 54, 38, 31, 71, 50, 15, 48, 22, 55, 40, 42, 41, 73, 1, 67, 2, 17, 39, 0, 61, 27, 20, 68, 60, 35, 47, 44, 26, 56, 14, 4, 36, 69, 59, 70, 46, 75, 23, 24, 63, 52, 16, 28, 72, 74, 18, 25, 51, 57, 43, 66, 10, 11, 19]
152		1247.8189848583029		[29, 5, 62, 32, 21, 3, 45, 33, 7, 53, 12, 13, 58, 65, 30, 9, 6, 34, 64, 37, 8, 49, 54, 38, 31, 71, 50, 15, 48, 22, 55, 40, 42, 41, 73, 1, 67, 2, 17, 39, 0, 61, 27, 20, 68, 60, 35, 47, 44, 26, 56, 14, 4, 36, 69, 59, 70, 46, 75, 23, 24, 63, 52, 16, 28, 72, 74, 18, 25, 51, 57, 43, 66, 10, 11, 19]
153		1238.5620172560436		[21, 5, 62, 32, 29, 3, 45, 33, 7, 53, 12, 13, 58, 65, 30, 9, 6, 34, 64, 37, 8, 49, 54, 38, 31, 71, 50, 15, 48, 22, 55, 40, 42, 41, 73, 1, 67, 2, 17, 39, 0, 61, 27, 20, 68, 60, 35, 47, 44, 26, 56, 14, 4, 36, 69, 59, 70, 46, 75, 23, 24, 63, 52, 16, 28, 72, 74, 18, 25, 51, 57, 43, 66, 10, 11, 19]
154		1226.6041071461143		[73, 5, 62, 32, 29, 3, 45, 33, 7, 53, 12, 13, 58, 65, 30, 9, 6, 34, 64, 37, 8, 49, 54, 38, 31, 71, 50, 15, 48, 22, 55, 40, 42, 41, 21, 1, 67, 2, 17, 39, 0, 61, 27, 20, 68, 60, 35, 47, 44, 26, 56, 14, 4, 36, 69, 59, 70, 46, 75, 23, 24, 63, 52, 16, 28, 72, 74, 18, 25, 51, 57, 43, 66, 10, 11, 19]
155		1225.2774012462255		[32, 5, 62, 73, 29, 3, 45, 33, 7, 53, 12, 13, 58, 65, 30, 9, 6, 34, 64, 37, 8, 49, 54, 38, 31, 71, 50, 15, 48, 22, 55, 40, 42, 41, 21, 1, 67, 2, 17, 39, 0, 61, 27, 20, 68, 60, 35, 47, 44, 26, 56, 14, 4, 36, 69, 59, 70, 46, 75, 23, 24, 63, 52, 16, 28, 72, 74, 18, 25, 51, 57, 43, 66, 10, 11, 19]
156		1217.7586932677882		[5, 32, 62, 73, 29, 3, 45, 33, 7, 53, 12, 13, 58, 65, 30, 9, 6, 34, 64, 37, 8, 49, 54, 38, 31, 71, 50, 15, 48, 22, 55, 40, 42, 41, 21, 1, 67, 2, 17, 39, 0, 61, 27, 20, 68, 60, 35, 47, 44, 26, 56, 14, 4, 36, 69, 59, 70, 46, 75, 23, 24, 63, 52, 16, 28, 72, 74, 18, 25, 51, 57, 43, 66, 10, 11, 19]
157		1211.050489335289		[62, 32, 5, 73, 29, 3, 45, 33, 7, 53, 12, 13, 58, 65, 30, 9, 6, 34, 64, 37, 8, 49, 54, 38, 31, 71, 50, 15, 48, 22, 55, 40, 42, 41, 21, 1, 67, 2, 17, 39, 0, 61, 27, 20, 68, 60, 35, 47, 44, 26, 56, 14, 4, 36, 69, 59, 70, 46, 75, 23, 24, 63, 52, 16, 28, 72, 74, 18, 25, 51, 57, 43, 66, 10, 11, 19]
158		1202.6929274111824		[24, 32, 5, 73, 29, 3, 45, 33, 7, 53, 12, 13, 58, 65, 30, 9, 6, 34, 64, 37, 8, 49, 54, 38, 31, 71, 50, 15, 48, 22, 55, 40, 42, 41, 21, 1, 67, 2, 17, 39, 0, 61, 27, 20, 68, 60, 35, 47, 44, 26, 56, 14, 4, 36, 69, 59, 70, 46, 75, 23, 62, 63, 52, 16, 28, 72, 74, 18, 25, 51, 57, 43, 66, 10, 11, 19]
159		1201.3294115478081		[8, 32, 5, 73, 29, 3, 45, 33, 7, 53, 12, 13, 58, 65, 30, 9, 6, 34, 64, 37, 24, 49, 54, 38, 31, 71, 50, 15, 48, 22, 55, 40, 42, 41, 21, 1, 67, 2, 17, 39, 0, 61, 27, 20, 68, 60, 35, 47, 44, 26, 56, 14, 4, 36, 69, 59, 70, 46, 75, 23, 62, 63, 52, 16, 28, 72, 74, 18, 25, 51, 57, 43, 66, 10, 11, 19]
160		1193.6388850714316		[54, 32, 5, 73, 29, 3, 45, 33, 7, 53, 12, 13, 58, 65, 30, 9, 6, 34, 64, 37, 24, 49, 8, 38, 31, 71, 50, 15, 48, 22, 55, 40, 42, 41, 21, 1, 67, 2, 17, 39, 0, 61, 27, 20, 68, 60, 35, 47, 44, 26, 56, 14, 4, 36, 69, 59, 70, 46, 75, 23, 62, 63, 52, 16, 28, 72, 74, 18, 25, 51, 57, 43, 66, 10, 11, 19]
161		1187.7703491703412		[49, 32, 5, 73, 29, 3, 45, 33, 7, 53, 12, 13, 58, 65, 30, 9, 6, 34, 64, 37, 24, 54, 8, 38, 31, 71, 50, 15, 48, 22, 55, 40, 42, 41, 21, 1, 67, 2, 17, 39, 0, 61, 27, 20, 68, 60, 35, 47, 44, 26, 56, 14, 4, 36, 69, 59, 70, 46, 75, 23, 62, 63, 52, 16, 28, 72, 74, 18, 25, 51, 57, 43, 66, 10, 11, 19]
162		1183.928950402587		[71, 32, 5, 73, 29, 3, 45, 33, 7, 53, 12, 13, 58, 65, 30, 9, 6, 34, 64, 37, 24, 54, 8, 38, 31, 49, 50, 15, 48, 22, 55, 40, 42, 41, 21, 1, 67, 2, 17, 39, 0, 61, 27, 20, 68, 60, 35, 47, 44, 26, 56, 14, 4, 36, 69, 59, 70, 46, 75, 23, 62, 63, 52, 16, 28, 72, 74, 18, 25, 51, 57, 43, 66, 10, 11, 19]
163		1183.1301348764143		[31, 32, 5, 73, 29, 3, 45, 33, 7, 53, 12, 13, 58, 65, 30, 9, 6, 34, 64, 37, 24, 54, 8, 38, 71, 49, 50, 15, 48, 22, 55, 40, 42, 41, 21, 1, 67, 2, 17, 39, 0, 61, 27, 20, 68, 60, 35, 47, 44, 26, 56, 14, 4, 36, 69, 59, 70, 46, 75, 23, 62, 63, 52, 16, 28, 72, 74, 18, 25, 51, 57, 43, 66, 10, 11, 19]
164		1175.9523495322635		[49, 32, 5, 73, 29, 3, 45, 33, 7, 53, 12, 13, 58, 65, 30, 9, 6, 34, 64, 37, 24, 54, 8, 38, 71, 31, 50, 15, 48, 22, 55, 40, 42, 41, 21, 1, 67, 2, 17, 39, 0, 61, 27, 20, 68, 60, 35, 47, 44, 26, 56, 14, 4, 36, 69, 59, 70, 46, 75, 23, 62, 63, 52, 16, 28, 72, 74, 18, 25, 51, 57, 43, 66, 10, 11, 19]
165		1161.5378031028167		[50, 32, 5, 73, 29, 3, 45, 33, 7, 53, 12, 13, 58, 65, 30, 9, 6, 34, 64, 37, 24, 54, 8, 38, 71, 31, 49, 15, 48, 22, 55, 40, 42, 41, 21, 1, 67, 2, 17, 39, 0, 61, 27, 20, 68, 60, 35, 47, 44, 26, 56, 14, 4, 36, 69, 59, 70, 46, 75, 23, 62, 63, 52, 16, 28, 72, 74, 18, 25, 51, 57, 43, 66, 10, 11, 19]
166		1159.3386020732069		[32, 50, 5, 73, 29, 3, 45, 33, 7, 53, 12, 13, 58, 65, 30, 9, 6, 34, 64, 37, 24, 54, 8, 38, 71, 31, 49, 15, 48, 22, 55, 40, 42, 41, 21, 1, 67, 2, 17, 39, 0, 61, 27, 20, 68, 60, 35, 47, 44, 26, 56, 14, 4, 36, 69, 59, 70, 46, 75, 23, 62, 63, 52, 16, 28, 72, 74, 18, 25, 51, 57, 43, 66, 10, 11, 19]
167		1158.8295485778738		[67, 50, 5, 73, 29, 3, 45, 33, 7, 53, 12, 13, 58, 65, 30, 9, 6, 34, 64, 37, 24, 54, 8, 38, 71, 31, 49, 15, 48, 22, 55, 40, 42, 41, 21, 1, 32, 2, 17, 39, 0, 61, 27, 20, 68, 60, 35, 47, 44, 26, 56, 14, 4, 36, 69, 59, 70, 46, 75, 23, 62, 63, 52, 16, 28, 72, 74, 18, 25, 51, 57, 43, 66, 10, 11, 19]
168		1157.5254438540335		[50, 67, 5, 73, 29, 3, 45, 33, 7, 53, 12, 13, 58, 65, 30, 9, 6, 34, 64, 37, 24, 54, 8, 38, 71, 31, 49, 15, 48, 22, 55, 40, 42, 41, 21, 1, 32, 2, 17, 39, 0, 61, 27, 20, 68, 60, 35, 47, 44, 26, 56, 14, 4, 36, 69, 59, 70, 46, 75, 23, 62, 63, 52, 16, 28, 72, 74, 18, 25, 51, 57, 43, 66, 10, 11, 19]
169		1156.9193626053977		[32, 67, 5, 73, 29, 3, 45, 33, 7, 53, 12, 13, 58, 65, 30, 9, 6, 34, 64, 37, 24, 54, 8, 38, 71, 31, 49, 15, 48, 22, 55, 40, 42, 41, 21, 1, 50, 2, 17, 39, 0, 61, 27, 20, 68, 60, 35, 47, 44, 26, 56, 14, 4, 36, 69, 59, 70, 46, 75, 23, 62, 63, 52, 16, 28, 72, 74, 18, 25, 51, 57, 43, 66, 10, 11, 19]
170		1146.8246258358251		[1, 67, 5, 73, 29, 3, 45, 33, 7, 53, 12, 13, 58, 65, 30, 9, 6, 34, 64, 37, 24, 54, 8, 38, 71, 31, 49, 15, 48, 22, 55, 40, 42, 41, 21, 32, 50, 2, 17, 39, 0, 61, 27, 20, 68, 60, 35, 47, 44, 26, 56, 14, 4, 36, 69, 59, 70, 46, 75, 23, 62, 63, 52, 16, 28, 72, 74, 18, 25, 51, 57, 43, 66, 10, 11, 19]
171		1138.3832525442547		[5, 67, 1, 73, 29, 3, 45, 33, 7, 53, 12, 13, 58, 65, 30, 9, 6, 34, 64, 37, 24, 54, 8, 38, 71, 31, 49, 15, 48, 22, 55, 40, 42, 41, 21, 32, 50, 2, 17, 39, 0, 61, 27, 20, 68, 60, 35, 47, 44, 26, 56, 14, 4, 36, 69, 59, 70, 46, 75, 23, 62, 63, 52, 16, 28, 72, 74, 18, 25, 51, 57, 43, 66, 10, 11, 19]
172		1133.5111663850673		[75, 67, 1, 73, 29, 3, 45, 33, 7, 53, 12, 13, 58, 65, 30, 9, 6, 34, 64, 37, 24, 54, 8, 38, 71, 31, 49, 15, 48, 22, 55, 40, 42, 41, 21, 32, 50, 2, 17, 39, 0, 61, 27, 20, 68, 60, 35, 47, 44, 26, 56, 14, 4, 36, 69, 59, 70, 46, 5, 23, 62, 63, 52, 16, 28, 72, 74, 18, 25, 51, 57, 43, 66, 10, 11, 19]
173		1116.39867079689		[63, 67, 1, 73, 29, 3, 45, 33, 7, 53, 12, 13, 58, 65, 30, 9, 6, 34, 64, 37, 24, 54, 8, 38, 71, 31, 49, 15, 48, 22, 55, 40, 42, 41, 21, 32, 50, 2, 17, 39, 0, 61, 27, 20, 68, 60, 35, 47, 44, 26, 56, 14, 4, 36, 69, 59, 70, 46, 5, 23, 62, 75, 52, 16, 28, 72, 74, 18, 25, 51, 57, 43, 66, 10, 11, 19]
174		1111.8425330599853		[21, 67, 1, 73, 29, 3, 45, 33, 7, 53, 12, 13, 58, 65, 30, 9, 6, 34, 64, 37, 24, 54, 8, 38, 71, 31, 49, 15, 48, 22, 55, 40, 42, 41, 63, 32, 50, 2, 17, 39, 0, 61, 27, 20, 68, 60, 35, 47, 44, 26, 56, 14, 4, 36, 69, 59, 70, 46, 5, 23, 62, 75, 52, 16, 28, 72, 74, 18, 25, 51, 57, 43, 66, 10, 11, 19]
175		1104.100747212819		[32, 67, 1, 73, 29, 3, 45, 33, 7, 53, 12, 13, 58, 65, 30, 9, 6, 34, 64, 37, 24, 54, 8, 38, 71, 31, 49, 15, 48, 22, 55, 40, 42, 41, 63, 21, 50, 2, 17, 39, 0, 61, 27, 20, 68, 60, 35, 47, 44, 26, 56, 14, 4, 36, 69, 59, 70, 46, 5, 23, 62, 75, 52, 16, 28, 72, 74, 18, 25, 51, 57, 43, 66, 10, 11, 19]
176		1098.858840356173		[50, 67, 1, 73, 29, 3, 45, 33, 7, 53, 12, 13, 58, 65, 30, 9, 6, 34, 64, 37, 24, 54, 8, 38, 71, 31, 49, 15, 48, 22, 55, 40, 42, 41, 63, 21, 32, 2, 17, 39, 0, 61, 27, 20, 68, 60, 35, 47, 44, 26, 56, 14, 4, 36, 69, 59, 70, 46, 5, 23, 62, 75, 52, 16, 28, 72, 74, 18, 25, 51, 57, 43, 66, 10, 11, 19]
177		1094.3835927042167		[5, 67, 1, 73, 29, 3, 45, 33, 7, 53, 12, 13, 58, 65, 30, 9, 6, 34, 64, 37, 24, 54, 8, 38, 71, 31, 49, 15, 48, 22, 55, 40, 42, 41, 63, 21, 32, 2, 17, 39, 0, 61, 27, 20, 68, 60, 35, 47, 44, 26, 56, 14, 4, 36, 69, 59, 70, 46, 50, 23, 62, 75, 52, 16, 28, 72, 74, 18, 25, 51, 57, 43, 66, 10, 11, 19]
178		1089.6895672117514		[52, 67, 1, 73, 29, 3, 45, 33, 7, 53, 12, 13, 58, 65, 30, 9, 6, 34, 64, 37, 24, 54, 8, 38, 71, 31, 49, 15, 48, 22, 55, 40, 42, 41, 63, 21, 32, 2, 17, 39, 0, 61, 27, 20, 68, 60, 35, 47, 44, 26, 56, 14, 4, 36, 69, 59, 70, 46, 50, 23, 62, 75, 5, 16, 28, 72, 74, 18, 25, 51, 57, 43, 66, 10, 11, 19]
179		1081.551624353724		[12, 67, 1, 73, 29, 3, 45, 33, 7, 53, 52, 13, 58, 65, 30, 9, 6, 34, 64, 37, 24, 54, 8, 38, 71, 31, 49, 15, 48, 22, 55, 40, 42, 41, 63, 21, 32, 2, 17, 39, 0, 61, 27, 20, 68, 60, 35, 47, 44, 26, 56, 14, 4, 36, 69, 59, 70, 46, 50, 23, 62, 75, 5, 16, 28, 72, 74, 18, 25, 51, 57, 43, 66, 10, 11, 19]
180		1080.371657022868		[3, 67, 1, 73, 29, 12, 45, 33, 7, 53, 52, 13, 58, 65, 30, 9, 6, 34, 64, 37, 24, 54, 8, 38, 71, 31, 49, 15, 48, 22, 55, 40, 42, 41, 63, 21, 32, 2, 17, 39, 0, 61, 27, 20, 68, 60, 35, 47, 44, 26, 56, 14, 4, 36, 69, 59, 70, 46, 50, 23, 62, 75, 5, 16, 28, 72, 74, 18, 25, 51, 57, 43, 66, 10, 11, 19]
181		1072.445437280361		[16, 67, 1, 73, 29, 12, 45, 33, 7, 53, 52, 13, 58, 65, 30, 9, 6, 34, 64, 37, 24, 54, 8, 38, 71, 31, 49, 15, 48, 22, 55, 40, 42, 41, 63, 21, 32, 2, 17, 39, 0, 61, 27, 20, 68, 60, 35, 47, 44, 26, 56, 14, 4, 36, 69, 59, 70, 46, 50, 23, 62, 75, 5, 3, 28, 72, 74, 18, 25, 51, 57, 43, 66, 10, 11, 19]
182		1071.9467042226267		[62, 67, 1, 73, 29, 12, 45, 33, 7, 53, 52, 13, 58, 65, 30, 9, 6, 34, 64, 37, 24, 54, 8, 38, 71, 31, 49, 15, 48, 22, 55, 40, 42, 41, 63, 21, 32, 2, 17, 39, 0, 61, 27, 20, 68, 60, 35, 47, 44, 26, 56, 14, 4, 36, 69, 59, 70, 46, 50, 23, 16, 75, 5, 3, 28, 72, 74, 18, 25, 51, 57, 43, 66, 10, 11, 19]
183		1066.6455254138582		[32, 67, 1, 73, 29, 12, 45, 33, 7, 53, 52, 13, 58, 65, 30, 9, 6, 34, 64, 37, 24, 54, 8, 38, 71, 31, 49, 15, 48, 22, 55, 40, 42, 41, 63, 21, 62, 2, 17, 39, 0, 61, 27, 20, 68, 60, 35, 47, 44, 26, 56, 14, 4, 36, 69, 59, 70, 46, 50, 23, 16, 75, 5, 3, 28, 72, 74, 18, 25, 51, 57, 43, 66, 10, 11, 19]
184		1061.7923097916632		[39, 67, 1, 73, 29, 12, 45, 33, 7, 53, 52, 13, 58, 65, 30, 9, 6, 34, 64, 37, 24, 54, 8, 38, 71, 31, 49, 15, 48, 22, 55, 40, 42, 41, 63, 21, 62, 2, 17, 32, 0, 61, 27, 20, 68, 60, 35, 47, 44, 26, 56, 14, 4, 36, 69, 59, 70, 46, 50, 23, 16, 75, 5, 3, 28, 72, 74, 18, 25, 51, 57, 43, 66, 10, 11, 19]
185		1044.950672025585		[23, 67, 1, 73, 29, 12, 45, 33, 7, 53, 52, 13, 58, 65, 30, 9, 6, 34, 64, 37, 24, 54, 8, 38, 71, 31, 49, 15, 48, 22, 55, 40, 42, 41, 63, 21, 62, 2, 17, 32, 0, 61, 27, 20, 68, 60, 35, 47, 44, 26, 56, 14, 4, 36, 69, 59, 70, 46, 50, 39, 16, 75, 5, 3, 28, 72, 74, 18, 25, 51, 57, 43, 66, 10, 11, 19]
186		1021.8756014366377		[15, 67, 1, 73, 29, 12, 45, 33, 7, 53, 52, 13, 58, 65, 30, 9, 6, 34, 64, 37, 24, 54, 8, 38, 71, 31, 49, 23, 48, 22, 55, 40, 42, 41, 63, 21, 62, 2, 17, 32, 0, 61, 27, 20, 68, 60, 35, 47, 44, 26, 56, 14, 4, 36, 69, 59, 70, 46, 50, 39, 16, 75, 5, 3, 28, 72, 74, 18, 25, 51, 57, 43, 66, 10, 11, 19]
187		1011.0438283855044		[17, 67, 1, 73, 29, 12, 45, 33, 7, 53, 52, 13, 58, 65, 30, 9, 6, 34, 64, 37, 24, 54, 8, 38, 71, 31, 49, 23, 48, 22, 55, 40, 42, 41, 63, 21, 62, 2, 15, 32, 0, 61, 27, 20, 68, 60, 35, 47, 44, 26, 56, 14, 4, 36, 69, 59, 70, 46, 50, 39, 16, 75, 5, 3, 28, 72, 74, 18, 25, 51, 57, 43, 66, 10, 11, 19]
188		1009.5681109984266		[31, 67, 1, 73, 29, 12, 45, 33, 7, 53, 52, 13, 58, 65, 30, 9, 6, 34, 64, 37, 24, 54, 8, 38, 71, 17, 49, 23, 48, 22, 55, 40, 42, 41, 63, 21, 62, 2, 15, 32, 0, 61, 27, 20, 68, 60, 35, 47, 44, 26, 56, 14, 4, 36, 69, 59, 70, 46, 50, 39, 16, 75, 5, 3, 28, 72, 74, 18, 25, 51, 57, 43, 66, 10, 11, 19]
189		1003.7876864640368		[71, 67, 1, 73, 29, 12, 45, 33, 7, 53, 52, 13, 58, 65, 30, 9, 6, 34, 64, 37, 24, 54, 8, 38, 31, 17, 49, 23, 48, 22, 55, 40, 42, 41, 63, 21, 62, 2, 15, 32, 0, 61, 27, 20, 68, 60, 35, 47, 44, 26, 56, 14, 4, 36, 69, 59, 70, 46, 50, 39, 16, 75, 5, 3, 28, 72, 74, 18, 25, 51, 57, 43, 66, 10, 11, 19]
190		1003.7331502831007		[6, 67, 1, 73, 29, 12, 45, 33, 7, 53, 52, 13, 58, 65, 30, 9, 71, 34, 64, 37, 24, 54, 8, 38, 31, 17, 49, 23, 48, 22, 55, 40, 42, 41, 63, 21, 62, 2, 15, 32, 0, 61, 27, 20, 68, 60, 35, 47, 44, 26, 56, 14, 4, 36, 69, 59, 70, 46, 50, 39, 16, 75, 5, 3, 28, 72, 74, 18, 25, 51, 57, 43, 66, 10, 11, 19]
191		1002.6431319966644		[33, 67, 1, 73, 29, 12, 45, 6, 7, 53, 52, 13, 58, 65, 30, 9, 71, 34, 64, 37, 24, 54, 8, 38, 31, 17, 49, 23, 48, 22, 55, 40, 42, 41, 63, 21, 62, 2, 15, 32, 0, 61, 27, 20, 68, 60, 35, 47, 44, 26, 56, 14, 4, 36, 69, 59, 70, 46, 50, 39, 16, 75, 5, 3, 28, 72, 74, 18, 25, 51, 57, 43, 66, 10, 11, 19]
192		996.6602201327637		[12, 67, 1, 73, 29, 33, 45, 6, 7, 53, 52, 13, 58, 65, 30, 9, 71, 34, 64, 37, 24, 54, 8, 38, 31, 17, 49, 23, 48, 22, 55, 40, 42, 41, 63, 21, 62, 2, 15, 32, 0, 61, 27, 20, 68, 60, 35, 47, 44, 26, 56, 14, 4, 36, 69, 59, 70, 46, 50, 39, 16, 75, 5, 3, 28, 72, 74, 18, 25, 51, 57, 43, 66, 10, 11, 19]
193		996.1937368423953		[44, 67, 1, 73, 29, 33, 45, 6, 7, 53, 52, 13, 58, 65, 30, 9, 71, 34, 64, 37, 24, 54, 8, 38, 31, 17, 49, 23, 48, 22, 55, 40, 42, 41, 63, 21, 62, 2, 15, 32, 0, 61, 27, 20, 68, 60, 35, 47, 12, 26, 56, 14, 4, 36, 69, 59, 70, 46, 50, 39, 16, 75, 5, 3, 28, 72, 74, 18, 25, 51, 57, 43, 66, 10, 11, 19]
194		994.2082010813178		[29, 67, 1, 73, 44, 33, 45, 6, 7, 53, 52, 13, 58, 65, 30, 9, 71, 34, 64, 37, 24, 54, 8, 38, 31, 17, 49, 23, 48, 22, 55, 40, 42, 41, 63, 21, 62, 2, 15, 32, 0, 61, 27, 20, 68, 60, 35, 47, 12, 26, 56, 14, 4, 36, 69, 59, 70, 46, 50, 39, 16, 75, 5, 3, 28, 72, 74, 18, 25, 51, 57, 43, 66, 10, 11, 19]
195		993.9280911920375		[67, 29, 1, 73, 44, 33, 45, 6, 7, 53, 52, 13, 58, 65, 30, 9, 71, 34, 64, 37, 24, 54, 8, 38, 31, 17, 49, 23, 48, 22, 55, 40, 42, 41, 63, 21, 62, 2, 15, 32, 0, 61, 27, 20, 68, 60, 35, 47, 12, 26, 56, 14, 4, 36, 69, 59, 70, 46, 50, 39, 16, 75, 5, 3, 28, 72, 74, 18, 25, 51, 57, 43, 66, 10, 11, 19]
196		990.3301584489686		[73, 29, 1, 67, 44, 33, 45, 6, 7, 53, 52, 13, 58, 65, 30, 9, 71, 34, 64, 37, 24, 54, 8, 38, 31, 17, 49, 23, 48, 22, 55, 40, 42, 41, 63, 21, 62, 2, 15, 32, 0, 61, 27, 20, 68, 60, 35, 47, 12, 26, 56, 14, 4, 36, 69, 59, 70, 46, 50, 39, 16, 75, 5, 3, 28, 72, 74, 18, 25, 51, 57, 43, 66, 10, 11, 19]
197		985.5531866670865		[28, 29, 1, 67, 44, 33, 45, 6, 7, 53, 52, 13, 58, 65, 30, 9, 71, 34, 64, 37, 24, 54, 8, 38, 31, 17, 49, 23, 48, 22, 55, 40, 42, 41, 63, 21, 62, 2, 15, 32, 0, 61, 27, 20, 68, 60, 35, 47, 12, 26, 56, 14, 4, 36, 69, 59, 70, 46, 50, 39, 16, 75, 5, 3, 73, 72, 74, 18, 25, 51, 57, 43, 66, 10, 11, 19]
198		980.8734400632577		[47, 29, 1, 67, 44, 33, 45, 6, 7, 53, 52, 13, 58, 65, 30, 9, 71, 34, 64, 37, 24, 54, 8, 38, 31, 17, 49, 23, 48, 22, 55, 40, 42, 41, 63, 21, 62, 2, 15, 32, 0, 61, 27, 20, 68, 60, 35, 28, 12, 26, 56, 14, 4, 36, 69, 59, 70, 46, 50, 39, 16, 75, 5, 3, 73, 72, 74, 18, 25, 51, 57, 43, 66, 10, 11, 19]
199		978.0069336949311		[47, 73, 1, 67, 44, 33, 45, 6, 7, 53, 52, 13, 58, 65, 30, 9, 71, 34, 64, 37, 24, 54, 8, 38, 31, 17, 49, 23, 48, 22, 55, 40, 42, 41, 63, 21, 62, 2, 15, 32, 0, 61, 27, 20, 68, 60, 35, 28, 12, 26, 56, 14, 4, 36, 69, 59, 70, 46, 50, 39, 16, 75, 5, 3, 29, 72, 74, 18, 25, 51, 57, 43, 66, 10, 11, 19]
200		973.9964662797845		[72, 73, 1, 67, 44, 33, 45, 6, 7, 53, 52, 13, 58, 65, 30, 9, 71, 34, 64, 37, 24, 54, 8, 38, 31, 17, 49, 23, 48, 22, 55, 40, 42, 41, 63, 21, 62, 2, 15, 32, 0, 61, 27, 20, 68, 60, 35, 28, 12, 26, 56, 14, 4, 36, 69, 59, 70, 46, 50, 39, 16, 75, 5, 3, 29, 47, 74, 18, 25, 51, 57, 43, 66, 10, 11, 19]
201		972.2963165613828		[0, 73, 1, 67, 44, 33, 45, 6, 7, 53, 52, 13, 58, 65, 30, 9, 71, 34, 64, 37, 24, 54, 8, 38, 31, 17, 49, 23, 48, 22, 55, 40, 42, 41, 63, 21, 62, 2, 15, 32, 72, 61, 27, 20, 68, 60, 35, 28, 12, 26, 56, 14, 4, 36, 69, 59, 70, 46, 50, 39, 16, 75, 5, 3, 29, 47, 74, 18, 25, 51, 57, 43, 66, 10, 11, 19]
202		964.8397828036368		[21, 73, 1, 67, 44, 33, 45, 6, 7, 53, 52, 13, 58, 65, 30, 9, 71, 34, 64, 37, 24, 54, 8, 38, 31, 17, 49, 23, 48, 22, 55, 40, 42, 41, 63, 0, 62, 2, 15, 32, 72, 61, 27, 20, 68, 60, 35, 28, 12, 26, 56, 14, 4, 36, 69, 59, 70, 46, 50, 39, 16, 75, 5, 3, 29, 47, 74, 18, 25, 51, 57, 43, 66, 10, 11, 19]
203		963.6852135421968		[21, 27, 1, 67, 44, 33, 45, 6, 7, 53, 52, 13, 58, 65, 30, 9, 71, 34, 64, 37, 24, 54, 8, 38, 31, 17, 49, 23, 48, 22, 55, 40, 42, 41, 63, 0, 62, 2, 15, 32, 72, 61, 73, 20, 68, 60, 35, 28, 12, 26, 56, 14, 4, 36, 69, 59, 70, 46, 50, 39, 16, 75, 5, 3, 29, 47, 74, 18, 25, 51, 57, 43, 66, 10, 11, 19]
204		963.4128767995255		[21, 61, 1, 67, 44, 33, 45, 6, 7, 53, 52, 13, 58, 65, 30, 9, 71, 34, 64, 37, 24, 54, 8, 38, 31, 17, 49, 23, 48, 22, 55, 40, 42, 41, 63, 0, 62, 2, 15, 32, 72, 27, 73, 20, 68, 60, 35, 28, 12, 26, 56, 14, 4, 36, 69, 59, 70, 46, 50, 39, 16, 75, 5, 3, 29, 47, 74, 18, 25, 51, 57, 43, 66, 10, 11, 19]
205		963.0707837177583		[21, 61, 1, 5, 44, 33, 45, 6, 7, 53, 52, 13, 58, 65, 30, 9, 71, 34, 64, 37, 24, 54, 8, 38, 31, 17, 49, 23, 48, 22, 55, 40, 42, 41, 63, 0, 62, 2, 15, 32, 72, 27, 73, 20, 68, 60, 35, 28, 12, 26, 56, 14, 4, 36, 69, 59, 70, 46, 50, 39, 16, 75, 67, 3, 29, 47, 74, 18, 25, 51, 57, 43, 66, 10, 11, 19]
206		958.2671342909762		[21, 61, 1, 3, 44, 33, 45, 6, 7, 53, 52, 13, 58, 65, 30, 9, 71, 34, 64, 37, 24, 54, 8, 38, 31, 17, 49, 23, 48, 22, 55, 40, 42, 41, 63, 0, 62, 2, 15, 32, 72, 27, 73, 20, 68, 60, 35, 28, 12, 26, 56, 14, 4, 36, 69, 59, 70, 46, 50, 39, 16, 75, 67, 5, 29, 47, 74, 18, 25, 51, 57, 43, 66, 10, 11, 19]
207		957.1704998200448		[21, 61, 1, 44, 3, 33, 45, 6, 7, 53, 52, 13, 58, 65, 30, 9, 71, 34, 64, 37, 24, 54, 8, 38, 31, 17, 49, 23, 48, 22, 55, 40, 42, 41, 63, 0, 62, 2, 15, 32, 72, 27, 73, 20, 68, 60, 35, 28, 12, 26, 56, 14, 4, 36, 69, 59, 70, 46, 50, 39, 16, 75, 67, 5, 29, 47, 74, 18, 25, 51, 57, 43, 66, 10, 11, 19]
208		955.1173877807141		[21, 61, 47, 44, 3, 33, 45, 6, 7, 53, 52, 13, 58, 65, 30, 9, 71, 34, 64, 37, 24, 54, 8, 38, 31, 17, 49, 23, 48, 22, 55, 40, 42, 41, 63, 0, 62, 2, 15, 32, 72, 27, 73, 20, 68, 60, 35, 28, 12, 26, 56, 14, 4, 36, 69, 59, 70, 46, 50, 39, 16, 75, 67, 5, 29, 1, 74, 18, 25, 51, 57, 43, 66, 10, 11, 19]
209		949.7257621763672		[21, 27, 47, 44, 3, 33, 45, 6, 7, 53, 52, 13, 58, 65, 30, 9, 71, 34, 64, 37, 24, 54, 8, 38, 31, 17, 49, 23, 48, 22, 55, 40, 42, 41, 63, 0, 62, 2, 15, 32, 72, 61, 73, 20, 68, 60, 35, 28, 12, 26, 56, 14, 4, 36, 69, 59, 70, 46, 50, 39, 16, 75, 67, 5, 29, 1, 74, 18, 25, 51, 57, 43, 66, 10, 11, 19]
210		947.8529739791145		[21, 73, 47, 44, 3, 33, 45, 6, 7, 53, 52, 13, 58, 65, 30, 9, 71, 34, 64, 37, 24, 54, 8, 38, 31, 17, 49, 23, 48, 22, 55, 40, 42, 41, 63, 0, 62, 2, 15, 32, 72, 61, 27, 20, 68, 60, 35, 28, 12, 26, 56, 14, 4, 36, 69, 59, 70, 46, 50, 39, 16, 75, 67, 5, 29, 1, 74, 18, 25, 51, 57, 43, 66, 10, 11, 19]
211		941.1644449656508		[21, 73, 47, 44, 18, 33, 45, 6, 7, 53, 52, 13, 58, 65, 30, 9, 71, 34, 64, 37, 24, 54, 8, 38, 31, 17, 49, 23, 48, 22, 55, 40, 42, 41, 63, 0, 62, 2, 15, 32, 72, 61, 27, 20, 68, 60, 35, 28, 12, 26, 56, 14, 4, 36, 69, 59, 70, 46, 50, 39, 16, 75, 67, 5, 29, 1, 74, 3, 25, 51, 57, 43, 66, 10, 11, 19]
212		933.4611510622906		[21, 73, 47, 12, 18, 33, 45, 6, 7, 53, 52, 13, 58, 65, 30, 9, 71, 34, 64, 37, 24, 54, 8, 38, 31, 17, 49, 23, 48, 22, 55, 40, 42, 41, 63, 0, 62, 2, 15, 32, 72, 61, 27, 20, 68, 60, 35, 28, 44, 26, 56, 14, 4, 36, 69, 59, 70, 46, 50, 39, 16, 75, 67, 5, 29, 1, 74, 3, 25, 51, 57, 43, 66, 10, 11, 19]
213		926.3642412631339		[21, 73, 47, 12, 7, 33, 45, 6, 18, 53, 52, 13, 58, 65, 30, 9, 71, 34, 64, 37, 24, 54, 8, 38, 31, 17, 49, 23, 48, 22, 55, 40, 42, 41, 63, 0, 62, 2, 15, 32, 72, 61, 27, 20, 68, 60, 35, 28, 44, 26, 56, 14, 4, 36, 69, 59, 70, 46, 50, 39, 16, 75, 67, 5, 29, 1, 74, 3, 25, 51, 57, 43, 66, 10, 11, 19]
214		923.0578427265611		[21, 73, 47, 26, 7, 33, 45, 6, 18, 53, 52, 13, 58, 65, 30, 9, 71, 34, 64, 37, 24, 54, 8, 38, 31, 17, 49, 23, 48, 22, 55, 40, 42, 41, 63, 0, 62, 2, 15, 32, 72, 61, 27, 20, 68, 60, 35, 28, 44, 12, 56, 14, 4, 36, 69, 59, 70, 46, 50, 39, 16, 75, 67, 5, 29, 1, 74, 3, 25, 51, 57, 43, 66, 10, 11, 19]
215		920.4668880266461		[21, 73, 47, 44, 7, 33, 45, 6, 18, 53, 52, 13, 58, 65, 30, 9, 71, 34, 64, 37, 24, 54, 8, 38, 31, 17, 49, 23, 48, 22, 55, 40, 42, 41, 63, 0, 62, 2, 15, 32, 72, 61, 27, 20, 68, 60, 35, 28, 26, 12, 56, 14, 4, 36, 69, 59, 70, 46, 50, 39, 16, 75, 67, 5, 29, 1, 74, 3, 25, 51, 57, 43, 66, 10, 11, 19]
216		917.4194317483045		[21, 73, 47, 44, 33, 7, 45, 6, 18, 53, 52, 13, 58, 65, 30, 9, 71, 34, 64, 37, 24, 54, 8, 38, 31, 17, 49, 23, 48, 22, 55, 40, 42, 41, 63, 0, 62, 2, 15, 32, 72, 61, 27, 20, 68, 60, 35, 28, 26, 12, 56, 14, 4, 36, 69, 59, 70, 46, 50, 39, 16, 75, 67, 5, 29, 1, 74, 3, 25, 51, 57, 43, 66, 10, 11, 19]
217		917.3157588684146		[21, 73, 47, 44, 25, 7, 45, 6, 18, 53, 52, 13, 58, 65, 30, 9, 71, 34, 64, 37, 24, 54, 8, 38, 31, 17, 49, 23, 48, 22, 55, 40, 42, 41, 63, 0, 62, 2, 15, 32, 72, 61, 27, 20, 68, 60, 35, 28, 26, 12, 56, 14, 4, 36, 69, 59, 70, 46, 50, 39, 16, 75, 67, 5, 29, 1, 74, 3, 33, 51, 57, 43, 66, 10, 11, 19]
218		915.544041066127		[21, 73, 47, 11, 25, 7, 45, 6, 18, 53, 52, 13, 58, 65, 30, 9, 71, 34, 64, 37, 24, 54, 8, 38, 31, 17, 49, 23, 48, 22, 55, 40, 42, 41, 63, 0, 62, 2, 15, 32, 72, 61, 27, 20, 68, 60, 35, 28, 26, 12, 56, 14, 4, 36, 69, 59, 70, 46, 50, 39, 16, 75, 67, 5, 29, 1, 74, 3, 33, 51, 57, 43, 66, 10, 44, 19]
219		907.6779773310814		[21, 73, 50, 11, 25, 7, 45, 6, 18, 53, 52, 13, 58, 65, 30, 9, 71, 34, 64, 37, 24, 54, 8, 38, 31, 17, 49, 23, 48, 22, 55, 40, 42, 41, 63, 0, 62, 2, 15, 32, 72, 61, 27, 20, 68, 60, 35, 28, 26, 12, 56, 14, 4, 36, 69, 59, 70, 46, 47, 39, 16, 75, 67, 5, 29, 1, 74, 3, 33, 51, 57, 43, 66, 10, 44, 19]
220		905.761028935957		[21, 61, 50, 11, 25, 7, 45, 6, 18, 53, 52, 13, 58, 65, 30, 9, 71, 34, 64, 37, 24, 54, 8, 38, 31, 17, 49, 23, 48, 22, 55, 40, 42, 41, 63, 0, 62, 2, 15, 32, 72, 73, 27, 20, 68, 60, 35, 28, 26, 12, 56, 14, 4, 36, 69, 59, 70, 46, 47, 39, 16, 75, 67, 5, 29, 1, 74, 3, 33, 51, 57, 43, 66, 10, 44, 19]
221		900.152671623897		[21, 61, 39, 11, 25, 7, 45, 6, 18, 53, 52, 13, 58, 65, 30, 9, 71, 34, 64, 37, 24, 54, 8, 38, 31, 17, 49, 23, 48, 22, 55, 40, 42, 41, 63, 0, 62, 2, 15, 32, 72, 73, 27, 20, 68, 60, 35, 28, 26, 12, 56, 14, 4, 36, 69, 59, 70, 46, 47, 50, 16, 75, 67, 5, 29, 1, 74, 3, 33, 51, 57, 43, 66, 10, 44, 19]
222		892.7136523290669		[21, 61, 43, 11, 25, 7, 45, 6, 18, 53, 52, 13, 58, 65, 30, 9, 71, 34, 64, 37, 24, 54, 8, 38, 31, 17, 49, 23, 48, 22, 55, 40, 42, 41, 63, 0, 62, 2, 15, 32, 72, 73, 27, 20, 68, 60, 35, 28, 26, 12, 56, 14, 4, 36, 69, 59, 70, 46, 47, 50, 16, 75, 67, 5, 29, 1, 74, 3, 33, 51, 57, 39, 66, 10, 44, 19]
223		892.172874791424		[21, 72, 43, 11, 25, 7, 45, 6, 18, 53, 52, 13, 58, 65, 30, 9, 71, 34, 64, 37, 24, 54, 8, 38, 31, 17, 49, 23, 48, 22, 55, 40, 42, 41, 63, 0, 62, 2, 15, 32, 61, 73, 27, 20, 68, 60, 35, 28, 26, 12, 56, 14, 4, 36, 69, 59, 70, 46, 47, 50, 16, 75, 67, 5, 29, 1, 74, 3, 33, 51, 57, 39, 66, 10, 44, 19]
224		891.5109179053411		[0, 72, 43, 11, 25, 7, 45, 6, 18, 53, 52, 13, 58, 65, 30, 9, 71, 34, 64, 37, 24, 54, 8, 38, 31, 17, 49, 23, 48, 22, 55, 40, 42, 41, 63, 21, 62, 2, 15, 32, 61, 73, 27, 20, 68, 60, 35, 28, 26, 12, 56, 14, 4, 36, 69, 59, 70, 46, 47, 50, 16, 75, 67, 5, 29, 1, 74, 3, 33, 51, 57, 39, 66, 10, 44, 19]
225		887.4857249023917		[0, 62, 43, 11, 25, 7, 45, 6, 18, 53, 52, 13, 58, 65, 30, 9, 71, 34, 64, 37, 24, 54, 8, 38, 31, 17, 49, 23, 48, 22, 55, 40, 42, 41, 63, 21, 72, 2, 15, 32, 61, 73, 27, 20, 68, 60, 35, 28, 26, 12, 56, 14, 4, 36, 69, 59, 70, 46, 47, 50, 16, 75, 67, 5, 29, 1, 74, 3, 33, 51, 57, 39, 66, 10, 44, 19]
226		882.8533140164407		[2, 62, 43, 11, 25, 7, 45, 6, 18, 53, 52, 13, 58, 65, 30, 9, 71, 34, 64, 37, 24, 54, 8, 38, 31, 17, 49, 23, 48, 22, 55, 40, 42, 41, 63, 21, 72, 0, 15, 32, 61, 73, 27, 20, 68, 60, 35, 28, 26, 12, 56, 14, 4, 36, 69, 59, 70, 46, 47, 50, 16, 75, 67, 5, 29, 1, 74, 3, 33, 51, 57, 39, 66, 10, 44, 19]
227		867.8255576391205		[62, 2, 43, 11, 25, 7, 45, 6, 18, 53, 52, 13, 58, 65, 30, 9, 71, 34, 64, 37, 24, 54, 8, 38, 31, 17, 49, 23, 48, 22, 55, 40, 42, 41, 63, 21, 72, 0, 15, 32, 61, 73, 27, 20, 68, 60, 35, 28, 26, 12, 56, 14, 4, 36, 69, 59, 70, 46, 47, 50, 16, 75, 67, 5, 29, 1, 74, 3, 33, 51, 57, 39, 66, 10, 44, 19]
228		853.4832409276205		[15, 2, 43, 11, 25, 7, 45, 6, 18, 53, 52, 13, 58, 65, 30, 9, 71, 34, 64, 37, 24, 54, 8, 38, 31, 17, 49, 23, 48, 22, 55, 40, 42, 41, 63, 21, 72, 0, 62, 32, 61, 73, 27, 20, 68, 60, 35, 28, 26, 12, 56, 14, 4, 36, 69, 59, 70, 46, 47, 50, 16, 75, 67, 5, 29, 1, 74, 3, 33, 51, 57, 39, 66, 10, 44, 19]
229		844.8865331207796		[15, 2, 43, 39, 25, 7, 45, 6, 18, 53, 52, 13, 58, 65, 30, 9, 71, 34, 64, 37, 24, 54, 8, 38, 31, 17, 49, 23, 48, 22, 55, 40, 42, 41, 63, 21, 72, 0, 62, 32, 61, 73, 27, 20, 68, 60, 35, 28, 26, 12, 56, 14, 4, 36, 69, 59, 70, 46, 47, 50, 16, 75, 67, 5, 29, 1, 74, 3, 33, 51, 57, 11, 66, 10, 44, 19]
230		841.2036508583521		[15, 2, 43, 39, 57, 7, 45, 6, 18, 53, 52, 13, 58, 65, 30, 9, 71, 34, 64, 37, 24, 54, 8, 38, 31, 17, 49, 23, 48, 22, 55, 40, 42, 41, 63, 21, 72, 0, 62, 32, 61, 73, 27, 20, 68, 60, 35, 28, 26, 12, 56, 14, 4, 36, 69, 59, 70, 46, 47, 50, 16, 75, 67, 5, 29, 1, 74, 3, 33, 51, 25, 11, 66, 10, 44, 19]
231		835.8854786129391		[15, 2, 43, 39, 71, 7, 45, 6, 18, 53, 52, 13, 58, 65, 30, 9, 57, 34, 64, 37, 24, 54, 8, 38, 31, 17, 49, 23, 48, 22, 55, 40, 42, 41, 63, 21, 72, 0, 62, 32, 61, 73, 27, 20, 68, 60, 35, 28, 26, 12, 56, 14, 4, 36, 69, 59, 70, 46, 47, 50, 16, 75, 67, 5, 29, 1, 74, 3, 33, 51, 25, 11, 66, 10, 44, 19]
232		814.089610597352		[15, 2, 43, 39, 34, 7, 45, 6, 18, 53, 52, 13, 58, 65, 30, 9, 57, 71, 64, 37, 24, 54, 8, 38, 31, 17, 49, 23, 48, 22, 55, 40, 42, 41, 63, 21, 72, 0, 62, 32, 61, 73, 27, 20, 68, 60, 35, 28, 26, 12, 56, 14, 4, 36, 69, 59, 70, 46, 47, 50, 16, 75, 67, 5, 29, 1, 74, 3, 33, 51, 25, 11, 66, 10, 44, 19]
233		813.1352309014073		[15, 2, 43, 66, 34, 7, 45, 6, 18, 53, 52, 13, 58, 65, 30, 9, 57, 71, 64, 37, 24, 54, 8, 38, 31, 17, 49, 23, 48, 22, 55, 40, 42, 41, 63, 21, 72, 0, 62, 32, 61, 73, 27, 20, 68, 60, 35, 28, 26, 12, 56, 14, 4, 36, 69, 59, 70, 46, 47, 50, 16, 75, 67, 5, 29, 1, 74, 3, 33, 51, 25, 11, 39, 10, 44, 19]
234		810.478214344128		[15, 2, 43, 25, 34, 7, 45, 6, 18, 53, 52, 13, 58, 65, 30, 9, 57, 71, 64, 37, 24, 54, 8, 38, 31, 17, 49, 23, 48, 22, 55, 40, 42, 41, 63, 21, 72, 0, 62, 32, 61, 73, 27, 20, 68, 60, 35, 28, 26, 12, 56, 14, 4, 36, 69, 59, 70, 46, 47, 50, 16, 75, 67, 5, 29, 1, 74, 3, 33, 51, 66, 11, 39, 10, 44, 19]
235		808.9699593806479		[15, 2, 43, 11, 34, 7, 45, 6, 18, 53, 52, 13, 58, 65, 30, 9, 57, 71, 64, 37, 24, 54, 8, 38, 31, 17, 49, 23, 48, 22, 55, 40, 42, 41, 63, 21, 72, 0, 62, 32, 61, 73, 27, 20, 68, 60, 35, 28, 26, 12, 56, 14, 4, 36, 69, 59, 70, 46, 47, 50, 16, 75, 67, 5, 29, 1, 74, 3, 33, 51, 66, 25, 39, 10, 44, 19]
236		800.2105999025916		[15, 2, 43, 39, 34, 7, 45, 6, 18, 53, 52, 13, 58, 65, 30, 9, 57, 71, 64, 37, 24, 54, 8, 38, 31, 17, 49, 23, 48, 22, 55, 40, 42, 41, 63, 21, 72, 0, 62, 32, 61, 73, 27, 20, 68, 60, 35, 28, 26, 12, 56, 14, 4, 36, 69, 59, 70, 46, 47, 50, 16, 75, 67, 5, 29, 1, 74, 3, 33, 51, 66, 25, 11, 10, 44, 19]
237		792.6190515330547		[15, 2, 43, 10, 34, 7, 45, 6, 18, 53, 52, 13, 58, 65, 30, 9, 57, 71, 64, 37, 24, 54, 8, 38, 31, 17, 49, 23, 48, 22, 55, 40, 42, 41, 63, 21, 72, 0, 62, 32, 61, 73, 27, 20, 68, 60, 35, 28, 26, 12, 56, 14, 4, 36, 69, 59, 70, 46, 47, 50, 16, 75, 67, 5, 29, 1, 74, 3, 33, 51, 66, 25, 11, 39, 44, 19]
238		792.2398682484286		[15, 2, 43, 52, 34, 7, 45, 6, 18, 53, 10, 13, 58, 65, 30, 9, 57, 71, 64, 37, 24, 54, 8, 38, 31, 17, 49, 23, 48, 22, 55, 40, 42, 41, 63, 21, 72, 0, 62, 32, 61, 73, 27, 20, 68, 60, 35, 28, 26, 12, 56, 14, 4, 36, 69, 59, 70, 46, 47, 50, 16, 75, 67, 5, 29, 1, 74, 3, 33, 51, 66, 25, 11, 39, 44, 19]
239		790.8358873041443		[15, 2, 43, 6, 34, 7, 45, 52, 18, 53, 10, 13, 58, 65, 30, 9, 57, 71, 64, 37, 24, 54, 8, 38, 31, 17, 49, 23, 48, 22, 55, 40, 42, 41, 63, 21, 72, 0, 62, 32, 61, 73, 27, 20, 68, 60, 35, 28, 26, 12, 56, 14, 4, 36, 69, 59, 70, 46, 47, 50, 16, 75, 67, 5, 29, 1, 74, 3, 33, 51, 66, 25, 11, 39, 44, 19]
240		785.3739703561828		[15, 2, 43, 6, 45, 7, 34, 52, 18, 53, 10, 13, 58, 65, 30, 9, 57, 71, 64, 37, 24, 54, 8, 38, 31, 17, 49, 23, 48, 22, 55, 40, 42, 41, 63, 21, 72, 0, 62, 32, 61, 73, 27, 20, 68, 60, 35, 28, 26, 12, 56, 14, 4, 36, 69, 59, 70, 46, 47, 50, 16, 75, 67, 5, 29, 1, 74, 3, 33, 51, 66, 25, 11, 39, 44, 19]
241		781.5845840292424		[15, 2, 43, 39, 45, 7, 34, 52, 18, 53, 10, 13, 58, 65, 30, 9, 57, 71, 64, 37, 24, 54, 8, 38, 31, 17, 49, 23, 48, 22, 55, 40, 42, 41, 63, 21, 72, 0, 62, 32, 61, 73, 27, 20, 68, 60, 35, 28, 26, 12, 56, 14, 4, 36, 69, 59, 70, 46, 47, 50, 16, 75, 67, 5, 29, 1, 74, 3, 33, 51, 66, 25, 11, 6, 44, 19]
242		776.0810528147001		[15, 2, 43, 39, 11, 7, 34, 52, 18, 53, 10, 13, 58, 65, 30, 9, 57, 71, 64, 37, 24, 54, 8, 38, 31, 17, 49, 23, 48, 22, 55, 40, 42, 41, 63, 21, 72, 0, 62, 32, 61, 73, 27, 20, 68, 60, 35, 28, 26, 12, 56, 14, 4, 36, 69, 59, 70, 46, 47, 50, 16, 75, 67, 5, 29, 1, 74, 3, 33, 51, 66, 25, 45, 6, 44, 19]
243		772.2950716695725		[15, 2, 43, 39, 11, 52, 34, 7, 18, 53, 10, 13, 58, 65, 30, 9, 57, 71, 64, 37, 24, 54, 8, 38, 31, 17, 49, 23, 48, 22, 55, 40, 42, 41, 63, 21, 72, 0, 62, 32, 61, 73, 27, 20, 68, 60, 35, 28, 26, 12, 56, 14, 4, 36, 69, 59, 70, 46, 47, 50, 16, 75, 67, 5, 29, 1, 74, 3, 33, 51, 66, 25, 45, 6, 44, 19]
244		769.5939541768485		[15, 2, 43, 39, 11, 52, 34, 6, 18, 53, 10, 13, 58, 65, 30, 9, 57, 71, 64, 37, 24, 54, 8, 38, 31, 17, 49, 23, 48, 22, 55, 40, 42, 41, 63, 21, 72, 0, 62, 32, 61, 73, 27, 20, 68, 60, 35, 28, 26, 12, 56, 14, 4, 36, 69, 59, 70, 46, 47, 50, 16, 75, 67, 5, 29, 1, 74, 3, 33, 51, 66, 25, 45, 7, 44, 19]
245		762.9828667277952		[15, 2, 43, 39, 11, 6, 34, 52, 18, 53, 10, 13, 58, 65, 30, 9, 57, 71, 64, 37, 24, 54, 8, 38, 31, 17, 49, 23, 48, 22, 55, 40, 42, 41, 63, 21, 72, 0, 62, 32, 61, 73, 27, 20, 68, 60, 35, 28, 26, 12, 56, 14, 4, 36, 69, 59, 70, 46, 47, 50, 16, 75, 67, 5, 29, 1, 74, 3, 33, 51, 66, 25, 45, 7, 44, 19]
246		762.4635476331271		[15, 2, 43, 39, 11, 6, 52, 34, 18, 53, 10, 13, 58, 65, 30, 9, 57, 71, 64, 37, 24, 54, 8, 38, 31, 17, 49, 23, 48, 22, 55, 40, 42, 41, 63, 21, 72, 0, 62, 32, 61, 73, 27, 20, 68, 60, 35, 28, 26, 12, 56, 14, 4, 36, 69, 59, 70, 46, 47, 50, 16, 75, 67, 5, 29, 1, 74, 3, 33, 51, 66, 25, 45, 7, 44, 19]
247		762.0047474485764		[15, 2, 43, 39, 11, 6, 52, 10, 18, 53, 34, 13, 58, 65, 30, 9, 57, 71, 64, 37, 24, 54, 8, 38, 31, 17, 49, 23, 48, 22, 55, 40, 42, 41, 63, 21, 72, 0, 62, 32, 61, 73, 27, 20, 68, 60, 35, 28, 26, 12, 56, 14, 4, 36, 69, 59, 70, 46, 47, 50, 16, 75, 67, 5, 29, 1, 74, 3, 33, 51, 66, 25, 45, 7, 44, 19]
248		761.1236267667525		[15, 2, 43, 39, 11, 6, 52, 13, 18, 53, 34, 10, 58, 65, 30, 9, 57, 71, 64, 37, 24, 54, 8, 38, 31, 17, 49, 23, 48, 22, 55, 40, 42, 41, 63, 21, 72, 0, 62, 32, 61, 73, 27, 20, 68, 60, 35, 28, 26, 12, 56, 14, 4, 36, 69, 59, 70, 46, 47, 50, 16, 75, 67, 5, 29, 1, 74, 3, 33, 51, 66, 25, 45, 7, 44, 19]
249		758.4207964363218		[15, 2, 43, 39, 11, 6, 34, 13, 18, 53, 52, 10, 58, 65, 30, 9, 57, 71, 64, 37, 24, 54, 8, 38, 31, 17, 49, 23, 48, 22, 55, 40, 42, 41, 63, 21, 72, 0, 62, 32, 61, 73, 27, 20, 68, 60, 35, 28, 26, 12, 56, 14, 4, 36, 69, 59, 70, 46, 47, 50, 16, 75, 67, 5, 29, 1, 74, 3, 33, 51, 66, 25, 45, 7, 44, 19]
250		750.5213014997098		[15, 2, 43, 39, 11, 6, 34, 53, 18, 13, 52, 10, 58, 65, 30, 9, 57, 71, 64, 37, 24, 54, 8, 38, 31, 17, 49, 23, 48, 22, 55, 40, 42, 41, 63, 21, 72, 0, 62, 32, 61, 73, 27, 20, 68, 60, 35, 28, 26, 12, 56, 14, 4, 36, 69, 59, 70, 46, 47, 50, 16, 75, 67, 5, 29, 1, 74, 3, 33, 51, 66, 25, 45, 7, 44, 19]
251		741.1448524695179		[15, 2, 43, 39, 11, 6, 34, 53, 18, 13, 52, 10, 58, 65, 64, 9, 57, 71, 30, 37, 24, 54, 8, 38, 31, 17, 49, 23, 48, 22, 55, 40, 42, 41, 63, 21, 72, 0, 62, 32, 61, 73, 27, 20, 68, 60, 35, 28, 26, 12, 56, 14, 4, 36, 69, 59, 70, 46, 47, 50, 16, 75, 67, 5, 29, 1, 74, 3, 33, 51, 66, 25, 45, 7, 44, 19]
252		726.1999290999865		[15, 2, 43, 39, 11, 6, 34, 53, 18, 13, 52, 10, 58, 65, 64, 37, 57, 71, 30, 9, 24, 54, 8, 38, 31, 17, 49, 23, 48, 22, 55, 40, 42, 41, 63, 21, 72, 0, 62, 32, 61, 73, 27, 20, 68, 60, 35, 28, 26, 12, 56, 14, 4, 36, 69, 59, 70, 46, 47, 50, 16, 75, 67, 5, 29, 1, 74, 3, 33, 51, 66, 25, 45, 7, 44, 19]
253		722.5522252533419		[15, 2, 43, 39, 11, 6, 34, 53, 18, 13, 52, 10, 58, 65, 64, 37, 57, 9, 30, 71, 24, 54, 8, 38, 31, 17, 49, 23, 48, 22, 55, 40, 42, 41, 63, 21, 72, 0, 62, 32, 61, 73, 27, 20, 68, 60, 35, 28, 26, 12, 56, 14, 4, 36, 69, 59, 70, 46, 47, 50, 16, 75, 67, 5, 29, 1, 74, 3, 33, 51, 66, 25, 45, 7, 44, 19]
254		720.7082205576917		[15, 2, 43, 39, 11, 6, 34, 53, 18, 13, 52, 10, 58, 65, 64, 37, 30, 9, 57, 71, 24, 54, 8, 38, 31, 17, 49, 23, 48, 22, 55, 40, 42, 41, 63, 21, 72, 0, 62, 32, 61, 73, 27, 20, 68, 60, 35, 28, 26, 12, 56, 14, 4, 36, 69, 59, 70, 46, 47, 50, 16, 75, 67, 5, 29, 1, 74, 3, 33, 51, 66, 25, 45, 7, 44, 19]
255		720.0740979808179		[15, 2, 43, 39, 11, 6, 34, 53, 18, 13, 52, 10, 58, 65, 64, 37, 30, 9, 57, 71, 54, 24, 8, 38, 31, 17, 49, 23, 48, 22, 55, 40, 42, 41, 63, 21, 72, 0, 62, 32, 61, 73, 27, 20, 68, 60, 35, 28, 26, 12, 56, 14, 4, 36, 69, 59, 70, 46, 47, 50, 16, 75, 67, 5, 29, 1, 74, 3, 33, 51, 66, 25, 45, 7, 44, 19]
256		717.2512345933912		[15, 2, 43, 39, 11, 6, 34, 53, 18, 13, 52, 10, 58, 65, 64, 37, 71, 9, 57, 30, 54, 24, 8, 38, 31, 17, 49, 23, 48, 22, 55, 40, 42, 41, 63, 21, 72, 0, 62, 32, 61, 73, 27, 20, 68, 60, 35, 28, 26, 12, 56, 14, 4, 36, 69, 59, 70, 46, 47, 50, 16, 75, 67, 5, 29, 1, 74, 3, 33, 51, 66, 25, 45, 7, 44, 19]
257		709.8348267283925		[15, 2, 43, 39, 11, 6, 34, 53, 18, 13, 52, 10, 58, 65, 64, 37, 9, 71, 57, 30, 54, 24, 8, 38, 31, 17, 49, 23, 48, 22, 55, 40, 42, 41, 63, 21, 72, 0, 62, 32, 61, 73, 27, 20, 68, 60, 35, 28, 26, 12, 56, 14, 4, 36, 69, 59, 70, 46, 47, 50, 16, 75, 67, 5, 29, 1, 74, 3, 33, 51, 66, 25, 45, 7, 44, 19]
258		707.1504354820731		[15, 2, 43, 39, 11, 6, 34, 53, 18, 13, 52, 10, 58, 65, 64, 37, 57, 71, 9, 30, 54, 24, 8, 38, 31, 17, 49, 23, 48, 22, 55, 40, 42, 41, 63, 21, 72, 0, 62, 32, 61, 73, 27, 20, 68, 60, 35, 28, 26, 12, 56, 14, 4, 36, 69, 59, 70, 46, 47, 50, 16, 75, 67, 5, 29, 1, 74, 3, 33, 51, 66, 25, 45, 7, 44, 19]
259		707.0372325880151		[15, 2, 43, 39, 11, 6, 34, 53, 18, 13, 52, 10, 58, 65, 64, 37, 57, 71, 9, 30, 54, 24, 38, 8, 31, 17, 49, 23, 48, 22, 55, 40, 42, 41, 63, 21, 72, 0, 62, 32, 61, 73, 27, 20, 68, 60, 35, 28, 26, 12, 56, 14, 4, 36, 69, 59, 70, 46, 47, 50, 16, 75, 67, 5, 29, 1, 74, 3, 33, 51, 66, 25, 45, 7, 44, 19]
260		699.1999505452447		[15, 2, 43, 39, 11, 6, 34, 53, 18, 13, 52, 10, 58, 65, 64, 37, 57, 71, 9, 30, 54, 24, 38, 8, 31, 49, 17, 23, 48, 22, 55, 40, 42, 41, 63, 21, 72, 0, 62, 32, 61, 73, 27, 20, 68, 60, 35, 28, 26, 12, 56, 14, 4, 36, 69, 59, 70, 46, 47, 50, 16, 75, 67, 5, 29, 1, 74, 3, 33, 51, 66, 25, 45, 7, 44, 19]
261		698.9767805359111		[15, 2, 43, 39, 11, 6, 34, 53, 18, 13, 52, 10, 58, 65, 64, 37, 57, 71, 9, 30, 54, 24, 38, 8, 31, 49, 17, 23, 48, 22, 55, 40, 42, 41, 63, 21, 0, 72, 62, 32, 61, 73, 27, 20, 68, 60, 35, 28, 26, 12, 56, 14, 4, 36, 69, 59, 70, 46, 47, 50, 16, 75, 67, 5, 29, 1, 74, 3, 33, 51, 66, 25, 45, 7, 44, 19]
262		696.805015675279		[15, 2, 43, 39, 11, 6, 34, 53, 18, 13, 52, 10, 58, 65, 64, 37, 57, 71, 9, 30, 54, 24, 38, 8, 31, 49, 17, 23, 48, 22, 55, 40, 42, 41, 63, 21, 0, 32, 62, 72, 61, 73, 27, 20, 68, 60, 35, 28, 26, 12, 56, 14, 4, 36, 69, 59, 70, 46, 47, 50, 16, 75, 67, 5, 29, 1, 74, 3, 33, 51, 66, 25, 45, 7, 44, 19]
263		692.8684442345157		[15, 2, 43, 39, 11, 6, 34, 53, 18, 13, 52, 10, 58, 65, 64, 37, 57, 71, 9, 30, 54, 24, 38, 8, 31, 49, 17, 23, 48, 22, 55, 40, 42, 41, 63, 21, 0, 62, 32, 72, 61, 73, 27, 20, 68, 60, 35, 28, 26, 12, 56, 14, 4, 36, 69, 59, 70, 46, 47, 50, 16, 75, 67, 5, 29, 1, 74, 3, 33, 51, 66, 25, 45, 7, 44, 19]
264		687.846993239742		[15, 2, 43, 39, 11, 6, 34, 53, 18, 13, 52, 10, 58, 65, 64, 37, 57, 71, 9, 30, 54, 24, 38, 8, 31, 49, 17, 23, 48, 22, 55, 40, 42, 41, 63, 21, 0, 62, 32, 72, 61, 27, 73, 20, 68, 60, 35, 28, 26, 12, 56, 14, 4, 36, 69, 59, 70, 46, 47, 50, 16, 75, 67, 5, 29, 1, 74, 3, 33, 51, 66, 25, 45, 7, 44, 19]
265		686.3461728643292		[15, 2, 43, 39, 11, 6, 34, 53, 18, 13, 52, 10, 58, 65, 64, 37, 57, 71, 9, 30, 54, 24, 38, 8, 31, 49, 17, 23, 48, 22, 55, 40, 42, 41, 63, 21, 0, 62, 32, 72, 61, 27, 73, 60, 68, 20, 35, 28, 26, 12, 56, 14, 4, 36, 69, 59, 70, 46, 47, 50, 16, 75, 67, 5, 29, 1, 74, 3, 33, 51, 66, 25, 45, 7, 44, 19]
266		685.4327044694562		[15, 2, 43, 39, 11, 6, 34, 53, 18, 13, 52, 10, 58, 65, 64, 37, 57, 71, 9, 30, 54, 24, 38, 8, 31, 49, 17, 23, 48, 22, 55, 40, 42, 41, 63, 21, 0, 62, 32, 72, 61, 73, 27, 60, 68, 20, 35, 28, 26, 12, 56, 14, 4, 36, 69, 59, 70, 46, 47, 50, 16, 75, 67, 5, 29, 1, 74, 3, 33, 51, 66, 25, 45, 7, 44, 19]
267		678.6915107004775		[15, 2, 43, 39, 11, 6, 34, 53, 18, 13, 52, 10, 58, 65, 64, 37, 57, 71, 9, 30, 54, 24, 38, 8, 31, 49, 17, 23, 48, 22, 55, 40, 42, 41, 63, 21, 0, 62, 32, 72, 61, 73, 27, 60, 20, 68, 35, 28, 26, 12, 56, 14, 4, 36, 69, 59, 70, 46, 47, 50, 16, 75, 67, 5, 29, 1, 74, 3, 33, 51, 66, 25, 45, 7, 44, 19]
268		677.359085071048		[15, 2, 43, 39, 11, 6, 34, 53, 18, 13, 52, 10, 58, 65, 64, 37, 57, 71, 9, 30, 54, 24, 38, 8, 31, 49, 17, 23, 48, 22, 55, 40, 42, 41, 63, 21, 0, 62, 32, 72, 61, 73, 27, 60, 20, 68, 46, 28, 26, 12, 56, 14, 4, 36, 69, 59, 70, 35, 47, 50, 16, 75, 67, 5, 29, 1, 74, 3, 33, 51, 66, 25, 45, 7, 44, 19]
269		676.1956302023809		[15, 2, 43, 39, 11, 6, 34, 53, 18, 13, 52, 10, 58, 65, 64, 37, 57, 71, 9, 30, 54, 24, 38, 8, 31, 49, 17, 23, 48, 22, 55, 40, 42, 41, 63, 21, 0, 62, 32, 72, 61, 73, 27, 60, 68, 20, 46, 28, 26, 12, 56, 14, 4, 36, 69, 59, 70, 35, 47, 50, 16, 75, 67, 5, 29, 1, 74, 3, 33, 51, 66, 25, 45, 7, 44, 19]
270		673.6292240748676		[15, 2, 43, 39, 11, 6, 34, 53, 18, 13, 52, 10, 58, 65, 64, 37, 57, 71, 9, 30, 54, 24, 38, 8, 31, 49, 17, 23, 48, 22, 55, 40, 42, 41, 63, 21, 0, 62, 32, 72, 61, 73, 27, 60, 68, 20, 47, 28, 26, 12, 56, 14, 4, 36, 69, 59, 70, 35, 46, 50, 16, 75, 67, 5, 29, 1, 74, 3, 33, 51, 66, 25, 45, 7, 44, 19]
271		673.3562605316943		[15, 2, 43, 39, 11, 6, 34, 53, 18, 13, 52, 10, 58, 65, 64, 37, 57, 71, 9, 30, 54, 24, 38, 8, 31, 49, 17, 23, 48, 22, 55, 40, 42, 41, 63, 21, 0, 62, 32, 72, 61, 73, 27, 60, 68, 46, 47, 28, 26, 12, 56, 14, 4, 36, 69, 59, 70, 35, 20, 50, 16, 75, 67, 5, 29, 1, 74, 3, 33, 51, 66, 25, 45, 7, 44, 19]
272		672.7396233073619		[15, 2, 43, 39, 11, 6, 34, 53, 18, 13, 52, 10, 58, 65, 64, 37, 57, 71, 9, 30, 54, 24, 38, 8, 31, 49, 17, 23, 48, 22, 55, 40, 42, 41, 63, 21, 0, 62, 32, 72, 61, 73, 27, 60, 20, 46, 47, 28, 26, 12, 56, 14, 4, 36, 69, 59, 70, 35, 68, 50, 16, 75, 67, 5, 29, 1, 74, 3, 33, 51, 66, 25, 45, 7, 44, 19]
273		672.6508316967829		[15, 2, 43, 39, 11, 6, 34, 53, 18, 13, 52, 10, 58, 65, 64, 37, 57, 71, 9, 30, 54, 24, 38, 8, 31, 49, 17, 23, 48, 22, 55, 40, 42, 41, 63, 21, 0, 62, 32, 72, 61, 73, 27, 60, 20, 46, 47, 44, 26, 12, 56, 14, 4, 36, 69, 59, 70, 35, 68, 50, 16, 75, 67, 5, 29, 1, 74, 3, 33, 51, 66, 25, 45, 7, 28, 19]
274		662.6397132990998		[15, 2, 43, 39, 11, 6, 34, 53, 18, 13, 52, 10, 58, 65, 64, 37, 57, 71, 9, 30, 54, 24, 38, 8, 31, 49, 17, 23, 48, 22, 55, 40, 42, 41, 63, 21, 0, 62, 32, 72, 61, 73, 27, 60, 20, 46, 47, 44, 26, 12, 56, 14, 19, 36, 69, 59, 70, 35, 68, 50, 16, 75, 67, 5, 29, 1, 74, 3, 33, 51, 66, 25, 45, 7, 28, 4]
275		657.8693836848307		[15, 2, 43, 39, 11, 6, 34, 53, 18, 13, 52, 10, 58, 65, 64, 37, 57, 71, 9, 30, 54, 24, 38, 8, 31, 49, 17, 23, 48, 22, 55, 40, 42, 41, 63, 21, 0, 62, 32, 72, 61, 73, 27, 60, 20, 46, 47, 44, 26, 12, 56, 14, 36, 19, 69, 59, 70, 35, 68, 50, 16, 75, 67, 5, 29, 1, 74, 3, 33, 51, 66, 25, 45, 7, 28, 4]
276		657.3254171853388		[15, 2, 43, 39, 11, 6, 34, 53, 18, 13, 52, 10, 58, 65, 64, 37, 57, 71, 9, 30, 54, 24, 38, 8, 31, 49, 17, 23, 48, 22, 55, 40, 42, 41, 63, 21, 0, 62, 32, 72, 61, 73, 27, 60, 20, 46, 47, 44, 26, 12, 56, 14, 36, 19, 69, 59, 70, 68, 35, 50, 16, 75, 67, 5, 29, 1, 74, 3, 33, 51, 66, 25, 45, 7, 28, 4]
277		655.6794723987908		[15, 2, 43, 39, 11, 6, 34, 53, 18, 13, 52, 10, 58, 65, 64, 37, 57, 71, 9, 30, 54, 24, 38, 8, 31, 49, 17, 23, 48, 22, 55, 40, 42, 41, 63, 21, 0, 62, 32, 72, 61, 73, 27, 60, 20, 46, 47, 44, 26, 12, 56, 14, 36, 19, 69, 59, 70, 68, 35, 75, 16, 50, 67, 5, 29, 1, 74, 3, 33, 51, 66, 25, 45, 7, 28, 4]
278		655.4559218370345		[15, 2, 43, 39, 11, 6, 34, 53, 18, 13, 52, 10, 58, 65, 64, 37, 57, 71, 9, 30, 54, 24, 38, 8, 31, 49, 17, 23, 48, 22, 55, 40, 42, 41, 63, 21, 0, 62, 32, 72, 61, 73, 27, 60, 20, 46, 47, 44, 26, 12, 56, 14, 36, 19, 69, 59, 70, 68, 35, 1, 16, 50, 67, 5, 29, 75, 74, 3, 33, 51, 66, 25, 45, 7, 28, 4]
279		651.3897244275812		[15, 2, 43, 39, 11, 6, 34, 53, 18, 13, 52, 10, 58, 65, 64, 37, 57, 71, 9, 30, 54, 24, 38, 8, 31, 49, 17, 23, 48, 22, 55, 40, 42, 41, 63, 21, 0, 62, 32, 72, 61, 73, 27, 60, 20, 46, 47, 44, 26, 12, 56, 14, 36, 19, 69, 59, 70, 68, 35, 5, 16, 50, 67, 1, 29, 75, 74, 3, 33, 51, 66, 25, 45, 7, 28, 4]
280		646.4505486822935		[15, 2, 43, 39, 11, 6, 34, 53, 18, 13, 52, 10, 58, 65, 64, 37, 57, 71, 9, 30, 54, 24, 38, 8, 31, 49, 17, 23, 48, 22, 55, 40, 42, 41, 63, 21, 0, 62, 32, 72, 61, 73, 27, 60, 20, 46, 47, 44, 26, 12, 56, 14, 36, 19, 69, 59, 70, 68, 35, 67, 16, 50, 5, 1, 29, 75, 74, 3, 33, 51, 66, 25, 45, 7, 28, 4]
281		639.5997980926614		[15, 2, 43, 39, 11, 6, 34, 53, 18, 13, 52, 10, 58, 65, 64, 37, 57, 71, 9, 30, 54, 24, 38, 8, 31, 49, 17, 23, 48, 22, 55, 40, 42, 41, 63, 21, 0, 62, 32, 72, 61, 73, 27, 60, 20, 46, 47, 44, 26, 12, 56, 14, 36, 19, 69, 59, 70, 68, 35, 29, 16, 50, 5, 1, 67, 75, 74, 3, 33, 51, 66, 25, 45, 7, 28, 4]
282		638.4777271631116		[15, 2, 43, 39, 11, 6, 34, 53, 18, 13, 52, 10, 58, 65, 64, 37, 57, 71, 9, 30, 54, 24, 38, 8, 31, 49, 17, 23, 48, 22, 55, 40, 42, 41, 63, 21, 0, 62, 32, 72, 61, 73, 27, 60, 20, 46, 47, 44, 26, 12, 56, 14, 36, 19, 69, 59, 70, 68, 35, 29, 16, 50, 5, 1, 67, 74, 75, 3, 33, 51, 66, 25, 45, 7, 28, 4]
283		636.4297993370895		[15, 2, 43, 39, 11, 6, 34, 53, 18, 13, 52, 10, 58, 65, 64, 37, 57, 71, 9, 30, 54, 24, 38, 8, 31, 49, 17, 23, 48, 22, 55, 40, 42, 41, 63, 21, 0, 62, 32, 72, 61, 73, 27, 60, 20, 46, 47, 44, 26, 12, 56, 14, 36, 19, 69, 59, 70, 68, 35, 29, 16, 50, 5, 1, 67, 74, 75, 3, 51, 33, 66, 25, 45, 7, 28, 4]
284		636.226692435291		[15, 2, 43, 39, 11, 6, 34, 53, 18, 13, 52, 10, 58, 65, 64, 37, 57, 71, 9, 30, 54, 24, 38, 8, 31, 49, 17, 23, 48, 22, 55, 40, 42, 41, 63, 21, 0, 62, 32, 72, 61, 73, 27, 60, 20, 46, 47, 44, 26, 12, 56, 14, 36, 19, 69, 59, 70, 68, 35, 29, 16, 50, 5, 1, 67, 74, 75, 3, 51, 7, 66, 25, 45, 33, 28, 4]
285		635.8811520545843		[15, 2, 43, 39, 11, 6, 34, 53, 18, 13, 52, 10, 58, 65, 64, 37, 57, 71, 9, 30, 54, 24, 38, 8, 31, 49, 17, 23, 48, 22, 55, 40, 42, 41, 63, 21, 0, 62, 32, 72, 61, 73, 27, 60, 20, 46, 47, 28, 26, 12, 56, 14, 36, 19, 69, 59, 70, 68, 35, 29, 16, 50, 5, 1, 67, 74, 75, 3, 51, 7, 66, 25, 45, 33, 44, 4]
286		634.9719488109733		[15, 2, 43, 39, 11, 6, 34, 53, 18, 13, 52, 10, 58, 65, 64, 37, 57, 71, 9, 30, 54, 24, 38, 8, 31, 49, 17, 23, 48, 22, 55, 40, 42, 41, 63, 21, 0, 62, 32, 72, 61, 73, 27, 60, 20, 46, 4, 28, 26, 12, 56, 14, 36, 19, 69, 59, 70, 68, 35, 29, 16, 50, 5, 1, 67, 74, 75, 3, 51, 7, 66, 25, 45, 33, 44, 47]
287		633.795938502691		[15, 2, 43, 39, 11, 6, 34, 53, 18, 13, 52, 10, 58, 65, 64, 37, 57, 71, 9, 30, 54, 24, 38, 8, 31, 49, 17, 23, 48, 22, 55, 40, 42, 41, 63, 21, 0, 62, 32, 72, 61, 73, 27, 60, 20, 46, 4, 28, 26, 12, 56, 14, 36, 19, 69, 59, 70, 68, 35, 47, 16, 50, 5, 1, 67, 74, 75, 3, 51, 7, 66, 25, 45, 33, 44, 29]
288		633.0883772665508		[15, 2, 43, 39, 11, 6, 34, 53, 18, 13, 52, 10, 58, 65, 64, 37, 57, 71, 9, 30, 54, 24, 38, 8, 31, 49, 17, 23, 48, 22, 55, 40, 42, 41, 63, 21, 0, 62, 32, 72, 61, 73, 27, 60, 20, 46, 4, 28, 26, 12, 56, 14, 36, 19, 69, 59, 70, 68, 35, 47, 16, 50, 5, 1, 67, 74, 75, 3, 33, 7, 66, 25, 45, 51, 44, 29]
289		632.684246267235		[15, 2, 43, 39, 11, 6, 34, 53, 18, 13, 52, 10, 58, 65, 64, 37, 57, 71, 9, 30, 54, 24, 38, 8, 31, 49, 17, 23, 48, 22, 55, 40, 42, 41, 63, 21, 0, 62, 32, 72, 61, 73, 27, 60, 20, 46, 4, 28, 26, 12, 56, 14, 36, 19, 69, 59, 70, 68, 35, 47, 16, 50, 5, 1, 67, 74, 75, 3, 45, 7, 66, 25, 33, 51, 44, 29]
290		630.8442858786251		[15, 2, 43, 39, 11, 6, 34, 53, 18, 13, 52, 10, 58, 65, 64, 37, 57, 71, 9, 30, 54, 24, 38, 8, 31, 49, 17, 23, 48, 22, 55, 40, 42, 41, 63, 21, 0, 62, 32, 72, 61, 73, 27, 60, 20, 46, 4, 28, 26, 12, 56, 14, 36, 19, 69, 59, 70, 68, 35, 47, 16, 50, 5, 1, 67, 74, 75, 25, 45, 7, 66, 3, 33, 51, 44, 29]
291		629.6693186030637		[15, 2, 43, 39, 11, 6, 34, 53, 18, 13, 52, 10, 58, 65, 64, 37, 57, 71, 9, 30, 54, 24, 38, 8, 31, 49, 17, 23, 48, 22, 55, 40, 42, 41, 63, 21, 0, 62, 32, 72, 61, 73, 27, 60, 20, 46, 4, 28, 26, 12, 56, 14, 36, 19, 69, 59, 70, 68, 35, 47, 16, 50, 5, 1, 67, 74, 75, 25, 7, 45, 66, 3, 33, 51, 44, 29]
292		628.4326396286689		[15, 2, 43, 39, 11, 6, 34, 53, 18, 13, 52, 10, 58, 65, 64, 37, 57, 71, 9, 30, 54, 24, 38, 8, 31, 49, 17, 23, 48, 22, 55, 40, 42, 41, 63, 21, 0, 62, 32, 72, 61, 73, 27, 60, 20, 46, 4, 28, 26, 12, 56, 14, 36, 19, 69, 59, 70, 68, 35, 47, 16, 50, 5, 1, 67, 74, 75, 25, 66, 45, 7, 3, 33, 51, 44, 29]
293		627.9503549711413		[15, 2, 43, 39, 11, 6, 34, 53, 18, 13, 52, 10, 58, 65, 64, 37, 57, 71, 9, 30, 54, 24, 38, 8, 31, 49, 17, 23, 48, 22, 55, 40, 42, 41, 63, 21, 0, 62, 32, 72, 61, 73, 27, 60, 20, 46, 4, 28, 26, 12, 56, 14, 36, 19, 69, 59, 70, 68, 35, 47, 16, 50, 5, 1, 67, 74, 75, 25, 66, 7, 45, 3, 33, 51, 44, 29]
294		624.5100484622307		[15, 2, 43, 39, 11, 6, 34, 53, 18, 13, 52, 10, 58, 65, 64, 37, 57, 71, 9, 30, 54, 24, 38, 8, 31, 49, 17, 23, 48, 22, 55, 40, 42, 41, 63, 21, 0, 62, 32, 72, 61, 73, 27, 60, 20, 46, 4, 28, 26, 12, 56, 14, 36, 19, 69, 59, 70, 68, 35, 47, 16, 50, 5, 1, 67, 74, 75, 25, 66, 3, 45, 7, 33, 51, 44, 29]
295		623.8650895654663		[15, 2, 43, 39, 11, 6, 34, 53, 18, 13, 52, 10, 58, 65, 64, 37, 57, 71, 9, 30, 54, 24, 38, 8, 31, 49, 17, 23, 48, 22, 55, 40, 42, 41, 63, 21, 0, 62, 32, 72, 61, 73, 27, 60, 20, 46, 4, 28, 26, 12, 56, 14, 36, 19, 69, 59, 70, 68, 35, 47, 16, 50, 5, 1, 67, 74, 75, 25, 66, 51, 45, 7, 33, 3, 44, 29]
296		622.0872995755357		[15, 2, 43, 39, 11, 6, 34, 53, 18, 13, 52, 10, 58, 65, 64, 37, 57, 71, 9, 30, 54, 24, 38, 8, 31, 49, 17, 23, 48, 22, 55, 40, 42, 41, 63, 21, 0, 62, 32, 72, 61, 73, 27, 60, 20, 46, 4, 28, 26, 12, 56, 14, 36, 19, 69, 59, 70, 68, 35, 47, 16, 50, 5, 1, 67, 74, 75, 25, 66, 45, 51, 7, 33, 3, 44, 29]
297		621.6926062500805		[15, 2, 43, 39, 11, 6, 34, 53, 18, 13, 52, 10, 58, 65, 64, 37, 57, 71, 9, 30, 54, 24, 38, 8, 31, 49, 17, 23, 48, 22, 55, 40, 42, 41, 63, 21, 0, 62, 32, 72, 61, 73, 27, 60, 20, 46, 4, 28, 26, 12, 56, 14, 36, 19, 69, 59, 70, 68, 35, 47, 16, 50, 5, 1, 67, 74, 75, 25, 66, 7, 51, 45, 33, 3, 44, 29]
298		621.101157542966		[15, 2, 43, 39, 11, 6, 34, 53, 18, 13, 52, 10, 58, 65, 64, 37, 57, 71, 9, 30, 54, 24, 38, 8, 31, 49, 17, 23, 48, 22, 55, 40, 42, 41, 63, 21, 0, 62, 32, 72, 61, 73, 27, 60, 20, 46, 4, 28, 26, 12, 56, 14, 36, 19, 69, 59, 70, 68, 35, 47, 16, 50, 5, 1, 67, 74, 75, 25, 66, 51, 7, 45, 33, 3, 44, 29]
299		619.4883677186696		[15, 2, 43, 39, 11, 6, 34, 53, 18, 13, 52, 10, 58, 65, 64, 37, 57, 71, 9, 30, 54, 24, 38, 8, 31, 49, 17, 23, 48, 22, 55, 40, 42, 41, 63, 21, 0, 62, 32, 72, 61, 73, 27, 60, 20, 46, 4, 28, 26, 12, 56, 14, 36, 19, 69, 59, 70, 68, 35, 47, 16, 50, 5, 1, 67, 74, 75, 25, 66, 45, 7, 51, 33, 3, 44, 29]
