Iteração	Melhor Avaliação	Melhor Caminho
1		159829.8767664104		[27, 7, 12, 30, 42, 11, 32, 33, 3, 37, 19, 6, 21, 45, 28, 38, 24, 46, 26, 35, 13, 2, 34, 20, 31, 43, 5, 44, 41, 36, 39, 16, 40, 29, 47, 18, 23, 10, 14, 0, 4, 22, 25, 17, 15, 9, 1, 8]
2		158168.04435285332		[12, 7, 27, 30, 42, 11, 32, 33, 3, 37, 19, 6, 21, 45, 28, 38, 24, 46, 26, 35, 13, 2, 34, 20, 31, 43, 5, 44, 41, 36, 39, 16, 40, 29, 47, 18, 23, 10, 14, 0, 4, 22, 25, 17, 15, 9, 1, 8]
3		156892.97611370386		[32, 7, 27, 30, 42, 11, 12, 33, 3, 37, 19, 6, 21, 45, 28, 38, 24, 46, 26, 35, 13, 2, 34, 20, 31, 43, 5, 44, 41, 36, 39, 16, 40, 29, 47, 18, 23, 10, 14, 0, 4, 22, 25, 17, 15, 9, 1, 8]
4		155542.95865567386		[7, 32, 27, 30, 42, 11, 12, 33, 3, 37, 19, 6, 21, 45, 28, 38, 24, 46, 26, 35, 13, 2, 34, 20, 31, 43, 5, 44, 41, 36, 39, 16, 40, 29, 47, 18, 23, 10, 14, 0, 4, 22, 25, 17, 15, 9, 1, 8]
5		154478.84526683658		[42, 32, 27, 30, 7, 11, 12, 33, 3, 37, 19, 6, 21, 45, 28, 38, 24, 46, 26, 35, 13, 2, 34, 20, 31, 43, 5, 44, 41, 36, 39, 16, 40, 29, 47, 18, 23, 10, 14, 0, 4, 22, 25, 17, 15, 9, 1, 8]
6		154056.24179023344		[32, 42, 27, 30, 7, 11, 12, 33, 3, 37, 19, 6, 21, 45, 28, 38, 24, 46, 26, 35, 13, 2, 34, 20, 31, 43, 5, 44, 41, 36, 39, 16, 40, 29, 47, 18, 23, 10, 14, 0, 4, 22, 25, 17, 15, 9, 1, 8]
7		154055.44873167895		[27, 42, 32, 30, 7, 11, 12, 33, 3, 37, 19, 6, 21, 45, 28, 38, 24, 46, 26, 35, 13, 2, 34, 20, 31, 43, 5, 44, 41, 36, 39, 16, 40, 29, 47, 18, 23, 10, 14, 0, 4, 22, 25, 17, 15, 9, 1, 8]
8		153506.7156400894		[42, 27, 32, 30, 7, 11, 12, 33, 3, 37, 19, 6, 21, 45, 28, 38, 24, 46, 26, 35, 13, 2, 34, 20, 31, 43, 5, 44, 41, 36, 39, 16, 40, 29, 47, 18, 23, 10, 14, 0, 4, 22, 25, 17, 15, 9, 1, 8]
9		153249.83675130783		[26, 27, 32, 30, 7, 11, 12, 33, 3, 37, 19, 6, 21, 45, 28, 38, 24, 46, 42, 35, 13, 2, 34, 20, 31, 43, 5, 44, 41, 36, 39, 16, 40, 29, 47, 18, 23, 10, 14, 0, 4, 22, 25, 17, 15, 9, 1, 8]
10		152824.00599915415		[35, 27, 32, 30, 7, 11, 12, 33, 3, 37, 19, 6, 21, 45, 28, 38, 24, 46, 42, 26, 13, 2, 34, 20, 31, 43, 5, 44, 41, 36, 39, 16, 40, 29, 47, 18, 23, 10, 14, 0, 4, 22, 25, 17, 15, 9, 1, 8]
11		152468.2550705657		[27, 35, 32, 30, 7, 11, 12, 33, 3, 37, 19, 6, 21, 45, 28, 38, 24, 46, 42, 26, 13, 2, 34, 20, 31, 43, 5, 44, 41, 36, 39, 16, 40, 29, 47, 18, 23, 10, 14, 0, 4, 22, 25, 17, 15, 9, 1, 8]
12		151817.91078298178		[19, 35, 32, 30, 7, 11, 12, 33, 3, 37, 27, 6, 21, 45, 28, 38, 24, 46, 42, 26, 13, 2, 34, 20, 31, 43, 5, 44, 41, 36, 39, 16, 40, 29, 47, 18, 23, 10, 14, 0, 4, 22, 25, 17, 15, 9, 1, 8]
13		151450.29692108228		[35, 19, 32, 30, 7, 11, 12, 33, 3, 37, 27, 6, 21, 45, 28, 38, 24, 46, 42, 26, 13, 2, 34, 20, 31, 43, 5, 44, 41, 36, 39, 16, 40, 29, 47, 18, 23, 10, 14, 0, 4, 22, 25, 17, 15, 9, 1, 8]
14		151293.18544536992		[32, 19, 35, 30, 7, 11, 12, 33, 3, 37, 27, 6, 21, 45, 28, 38, 24, 46, 42, 26, 13, 2, 34, 20, 31, 43, 5, 44, 41, 36, 39, 16, 40, 29, 47, 18, 23, 10, 14, 0, 4, 22, 25, 17, 15, 9, 1, 8]
15		150948.90616967104		[19, 32, 35, 30, 7, 11, 12, 33, 3, 37, 27, 6, 21, 45, 28, 38, 24, 46, 42, 26, 13, 2, 34, 20, 31, 43, 5, 44, 41, 36, 39, 16, 40, 29, 47, 18, 23, 10, 14, 0, 4, 22, 25, 17, 15, 9, 1, 8]
16		150086.5938243944		[3, 32, 35, 30, 7, 11, 12, 33, 19, 37, 27, 6, 21, 45, 28, 38, 24, 46, 42, 26, 13, 2, 34, 20, 31, 43, 5, 44, 41, 36, 39, 16, 40, 29, 47, 18, 23, 10, 14, 0, 4, 22, 25, 17, 15, 9, 1, 8]
17		146256.1301392045		[45, 32, 35, 30, 7, 11, 12, 33, 19, 37, 27, 6, 21, 3, 28, 38, 24, 46, 42, 26, 13, 2, 34, 20, 31, 43, 5, 44, 41, 36, 39, 16, 40, 29, 47, 18, 23, 10, 14, 0, 4, 22, 25, 17, 15, 9, 1, 8]
18		146136.15970443128		[32, 45, 35, 30, 7, 11, 12, 33, 19, 37, 27, 6, 21, 3, 28, 38, 24, 46, 42, 26, 13, 2, 34, 20, 31, 43, 5, 44, 41, 36, 39, 16, 40, 29, 47, 18, 23, 10, 14, 0, 4, 22, 25, 17, 15, 9, 1, 8]
19		145600.0486166599		[7, 45, 35, 30, 32, 11, 12, 33, 19, 37, 27, 6, 21, 3, 28, 38, 24, 46, 42, 26, 13, 2, 34, 20, 31, 43, 5, 44, 41, 36, 39, 16, 40, 29, 47, 18, 23, 10, 14, 0, 4, 22, 25, 17, 15, 9, 1, 8]
20		143844.3477726883		[19, 45, 35, 30, 32, 11, 12, 33, 7, 37, 27, 6, 21, 3, 28, 38, 24, 46, 42, 26, 13, 2, 34, 20, 31, 43, 5, 44, 41, 36, 39, 16, 40, 29, 47, 18, 23, 10, 14, 0, 4, 22, 25, 17, 15, 9, 1, 8]
21		143354.55874756048		[30, 45, 35, 19, 32, 11, 12, 33, 7, 37, 27, 6, 21, 3, 28, 38, 24, 46, 42, 26, 13, 2, 34, 20, 31, 43, 5, 44, 41, 36, 39, 16, 40, 29, 47, 18, 23, 10, 14, 0, 4, 22, 25, 17, 15, 9, 1, 8]
22		143305.56046788796		[27, 45, 35, 19, 32, 11, 12, 33, 7, 37, 30, 6, 21, 3, 28, 38, 24, 46, 42, 26, 13, 2, 34, 20, 31, 43, 5, 44, 41, 36, 39, 16, 40, 29, 47, 18, 23, 10, 14, 0, 4, 22, 25, 17, 15, 9, 1, 8]
23		142760.17976352846		[45, 27, 35, 19, 32, 11, 12, 33, 7, 37, 30, 6, 21, 3, 28, 38, 24, 46, 42, 26, 13, 2, 34, 20, 31, 43, 5, 44, 41, 36, 39, 16, 40, 29, 47, 18, 23, 10, 14, 0, 4, 22, 25, 17, 15, 9, 1, 8]
24		142464.8402256943		[35, 27, 45, 19, 32, 11, 12, 33, 7, 37, 30, 6, 21, 3, 28, 38, 24, 46, 42, 26, 13, 2, 34, 20, 31, 43, 5, 44, 41, 36, 39, 16, 40, 29, 47, 18, 23, 10, 14, 0, 4, 22, 25, 17, 15, 9, 1, 8]
25		142135.29159831218		[27, 35, 45, 19, 32, 11, 12, 33, 7, 37, 30, 6, 21, 3, 28, 38, 24, 46, 42, 26, 13, 2, 34, 20, 31, 43, 5, 44, 41, 36, 39, 16, 40, 29, 47, 18, 23, 10, 14, 0, 4, 22, 25, 17, 15, 9, 1, 8]
26		141722.19486496167		[43, 35, 45, 19, 32, 11, 12, 33, 7, 37, 30, 6, 21, 3, 28, 38, 24, 46, 42, 26, 13, 2, 34, 20, 31, 27, 5, 44, 41, 36, 39, 16, 40, 29, 47, 18, 23, 10, 14, 0, 4, 22, 25, 17, 15, 9, 1, 8]
27		141564.78557727396		[35, 43, 45, 19, 32, 11, 12, 33, 7, 37, 30, 6, 21, 3, 28, 38, 24, 46, 42, 26, 13, 2, 34, 20, 31, 27, 5, 44, 41, 36, 39, 16, 40, 29, 47, 18, 23, 10, 14, 0, 4, 22, 25, 17, 15, 9, 1, 8]
28		141464.9962041987		[6, 43, 45, 19, 32, 11, 12, 33, 7, 37, 30, 35, 21, 3, 28, 38, 24, 46, 42, 26, 13, 2, 34, 20, 31, 27, 5, 44, 41, 36, 39, 16, 40, 29, 47, 18, 23, 10, 14, 0, 4, 22, 25, 17, 15, 9, 1, 8]
29		141002.64947862254		[36, 43, 45, 19, 32, 11, 12, 33, 7, 37, 30, 35, 21, 3, 28, 38, 24, 46, 42, 26, 13, 2, 34, 20, 31, 27, 5, 44, 41, 6, 39, 16, 40, 29, 47, 18, 23, 10, 14, 0, 4, 22, 25, 17, 15, 9, 1, 8]
30		140439.10834105226		[27, 43, 45, 19, 32, 11, 12, 33, 7, 37, 30, 35, 21, 3, 28, 38, 24, 46, 42, 26, 13, 2, 34, 20, 31, 36, 5, 44, 41, 6, 39, 16, 40, 29, 47, 18, 23, 10, 14, 0, 4, 22, 25, 17, 15, 9, 1, 8]
31		137448.55298656272		[39, 43, 45, 19, 32, 11, 12, 33, 7, 37, 30, 35, 21, 3, 28, 38, 24, 46, 42, 26, 13, 2, 34, 20, 31, 36, 5, 44, 41, 6, 27, 16, 40, 29, 47, 18, 23, 10, 14, 0, 4, 22, 25, 17, 15, 9, 1, 8]
32		137168.78816026534		[7, 43, 45, 19, 32, 11, 12, 33, 39, 37, 30, 35, 21, 3, 28, 38, 24, 46, 42, 26, 13, 2, 34, 20, 31, 36, 5, 44, 41, 6, 27, 16, 40, 29, 47, 18, 23, 10, 14, 0, 4, 22, 25, 17, 15, 9, 1, 8]
33		134588.41826545313		[35, 43, 45, 19, 32, 11, 12, 33, 39, 37, 30, 7, 21, 3, 28, 38, 24, 46, 42, 26, 13, 2, 34, 20, 31, 36, 5, 44, 41, 6, 27, 16, 40, 29, 47, 18, 23, 10, 14, 0, 4, 22, 25, 17, 15, 9, 1, 8]
34		134280.01592750568		[6, 43, 45, 19, 32, 11, 12, 33, 39, 37, 30, 7, 21, 3, 28, 38, 24, 46, 42, 26, 13, 2, 34, 20, 31, 36, 5, 44, 41, 35, 27, 16, 40, 29, 47, 18, 23, 10, 14, 0, 4, 22, 25, 17, 15, 9, 1, 8]
35		133535.91060607115		[16, 43, 45, 19, 32, 11, 12, 33, 39, 37, 30, 7, 21, 3, 28, 38, 24, 46, 42, 26, 13, 2, 34, 20, 31, 36, 5, 44, 41, 35, 27, 6, 40, 29, 47, 18, 23, 10, 14, 0, 4, 22, 25, 17, 15, 9, 1, 8]
36		133413.08444939784		[5, 43, 45, 19, 32, 11, 12, 33, 39, 37, 30, 7, 21, 3, 28, 38, 24, 46, 42, 26, 13, 2, 34, 20, 31, 36, 16, 44, 41, 35, 27, 6, 40, 29, 47, 18, 23, 10, 14, 0, 4, 22, 25, 17, 15, 9, 1, 8]
37		127809.56107442823		[40, 43, 45, 19, 32, 11, 12, 33, 39, 37, 30, 7, 21, 3, 28, 38, 24, 46, 42, 26, 13, 2, 34, 20, 31, 36, 16, 44, 41, 35, 27, 6, 5, 29, 47, 18, 23, 10, 14, 0, 4, 22, 25, 17, 15, 9, 1, 8]
38		126756.53382422477		[39, 43, 45, 19, 32, 11, 12, 33, 40, 37, 30, 7, 21, 3, 28, 38, 24, 46, 42, 26, 13, 2, 34, 20, 31, 36, 16, 44, 41, 35, 27, 6, 5, 29, 47, 18, 23, 10, 14, 0, 4, 22, 25, 17, 15, 9, 1, 8]
39		126136.2046567343		[37, 43, 45, 19, 32, 11, 12, 33, 40, 39, 30, 7, 21, 3, 28, 38, 24, 46, 42, 26, 13, 2, 34, 20, 31, 36, 16, 44, 41, 35, 27, 6, 5, 29, 47, 18, 23, 10, 14, 0, 4, 22, 25, 17, 15, 9, 1, 8]
40		124688.40176561235		[30, 43, 45, 19, 32, 11, 12, 33, 40, 39, 37, 7, 21, 3, 28, 38, 24, 46, 42, 26, 13, 2, 34, 20, 31, 36, 16, 44, 41, 35, 27, 6, 5, 29, 47, 18, 23, 10, 14, 0, 4, 22, 25, 17, 15, 9, 1, 8]
41		122065.40704505121		[47, 43, 45, 19, 32, 11, 12, 33, 40, 39, 37, 7, 21, 3, 28, 38, 24, 46, 42, 26, 13, 2, 34, 20, 31, 36, 16, 44, 41, 35, 27, 6, 5, 29, 30, 18, 23, 10, 14, 0, 4, 22, 25, 17, 15, 9, 1, 8]
42		120206.11754829332		[21, 43, 45, 19, 32, 11, 12, 33, 40, 39, 37, 7, 47, 3, 28, 38, 24, 46, 42, 26, 13, 2, 34, 20, 31, 36, 16, 44, 41, 35, 27, 6, 5, 29, 30, 18, 23, 10, 14, 0, 4, 22, 25, 17, 15, 9, 1, 8]
43		119009.50279853547		[39, 43, 45, 19, 32, 11, 12, 33, 40, 21, 37, 7, 47, 3, 28, 38, 24, 46, 42, 26, 13, 2, 34, 20, 31, 36, 16, 44, 41, 35, 27, 6, 5, 29, 30, 18, 23, 10, 14, 0, 4, 22, 25, 17, 15, 9, 1, 8]
44		118008.0417957319		[37, 43, 45, 19, 32, 11, 12, 33, 40, 21, 39, 7, 47, 3, 28, 38, 24, 46, 42, 26, 13, 2, 34, 20, 31, 36, 16, 44, 41, 35, 27, 6, 5, 29, 30, 18, 23, 10, 14, 0, 4, 22, 25, 17, 15, 9, 1, 8]
45		116547.77638968805		[18, 43, 45, 19, 32, 11, 12, 33, 40, 21, 39, 7, 47, 3, 28, 38, 24, 46, 42, 26, 13, 2, 34, 20, 31, 36, 16, 44, 41, 35, 27, 6, 5, 29, 30, 37, 23, 10, 14, 0, 4, 22, 25, 17, 15, 9, 1, 8]
46		116303.21840074449		[36, 43, 45, 19, 32, 11, 12, 33, 40, 21, 39, 7, 47, 3, 28, 38, 24, 46, 42, 26, 13, 2, 34, 20, 31, 18, 16, 44, 41, 35, 27, 6, 5, 29, 30, 37, 23, 10, 14, 0, 4, 22, 25, 17, 15, 9, 1, 8]
47		115254.02319481639		[6, 43, 45, 19, 32, 11, 12, 33, 40, 21, 39, 7, 47, 3, 28, 38, 24, 46, 42, 26, 13, 2, 34, 20, 31, 18, 16, 44, 41, 35, 27, 36, 5, 29, 30, 37, 23, 10, 14, 0, 4, 22, 25, 17, 15, 9, 1, 8]
48		115222.1218660099		[30, 43, 45, 19, 32, 11, 12, 33, 40, 21, 39, 7, 47, 3, 28, 38, 24, 46, 42, 26, 13, 2, 34, 20, 31, 18, 16, 44, 41, 35, 27, 36, 5, 29, 6, 37, 23, 10, 14, 0, 4, 22, 25, 17, 15, 9, 1, 8]
49		113711.10456691515		[23, 43, 45, 19, 32, 11, 12, 33, 40, 21, 39, 7, 47, 3, 28, 38, 24, 46, 42, 26, 13, 2, 34, 20, 31, 18, 16, 44, 41, 35, 27, 36, 5, 29, 6, 37, 30, 10, 14, 0, 4, 22, 25, 17, 15, 9, 1, 8]
50		110516.1848076766		[7, 43, 45, 19, 32, 11, 12, 33, 40, 21, 39, 23, 47, 3, 28, 38, 24, 46, 42, 26, 13, 2, 34, 20, 31, 18, 16, 44, 41, 35, 27, 36, 5, 29, 6, 37, 30, 10, 14, 0, 4, 22, 25, 17, 15, 9, 1, 8]
51		109530.49278807128		[30, 43, 45, 19, 32, 11, 12, 33, 40, 21, 39, 23, 47, 3, 28, 38, 24, 46, 42, 26, 13, 2, 34, 20, 31, 18, 16, 44, 41, 35, 27, 36, 5, 29, 6, 37, 7, 10, 14, 0, 4, 22, 25, 17, 15, 9, 1, 8]
52		107563.61244562089		[25, 43, 45, 19, 32, 11, 12, 33, 40, 21, 39, 23, 47, 3, 28, 38, 24, 46, 42, 26, 13, 2, 34, 20, 31, 18, 16, 44, 41, 35, 27, 36, 5, 29, 6, 37, 7, 10, 14, 0, 4, 22, 30, 17, 15, 9, 1, 8]
53		103775.78559941566		[39, 43, 45, 19, 32, 11, 12, 33, 40, 21, 25, 23, 47, 3, 28, 38, 24, 46, 42, 26, 13, 2, 34, 20, 31, 18, 16, 44, 41, 35, 27, 36, 5, 29, 6, 37, 7, 10, 14, 0, 4, 22, 30, 17, 15, 9, 1, 8]
54		102701.74735708532		[34, 43, 45, 19, 32, 11, 12, 33, 40, 21, 25, 23, 47, 3, 28, 38, 24, 46, 42, 26, 13, 2, 39, 20, 31, 18, 16, 44, 41, 35, 27, 36, 5, 29, 6, 37, 7, 10, 14, 0, 4, 22, 30, 17, 15, 9, 1, 8]
55		97546.27035873744		[21, 43, 45, 19, 32, 11, 12, 33, 40, 34, 25, 23, 47, 3, 28, 38, 24, 46, 42, 26, 13, 2, 39, 20, 31, 18, 16, 44, 41, 35, 27, 36, 5, 29, 6, 37, 7, 10, 14, 0, 4, 22, 30, 17, 15, 9, 1, 8]
56		96883.43872691074		[39, 43, 45, 19, 32, 11, 12, 33, 40, 34, 25, 23, 47, 3, 28, 38, 24, 46, 42, 26, 13, 2, 21, 20, 31, 18, 16, 44, 41, 35, 27, 36, 5, 29, 6, 37, 7, 10, 14, 0, 4, 22, 30, 17, 15, 9, 1, 8]
57		96329.01337960312		[35, 43, 45, 19, 32, 11, 12, 33, 40, 34, 25, 23, 47, 3, 28, 38, 24, 46, 42, 26, 13, 2, 21, 20, 31, 18, 16, 44, 41, 39, 27, 36, 5, 29, 6, 37, 7, 10, 14, 0, 4, 22, 30, 17, 15, 9, 1, 8]
58		96183.24487239479		[6, 43, 45, 19, 32, 11, 12, 33, 40, 34, 25, 23, 47, 3, 28, 38, 24, 46, 42, 26, 13, 2, 21, 20, 31, 18, 16, 44, 41, 39, 27, 36, 5, 29, 35, 37, 7, 10, 14, 0, 4, 22, 30, 17, 15, 9, 1, 8]
59		95916.21230986403		[30, 43, 45, 19, 32, 11, 12, 33, 40, 34, 25, 23, 47, 3, 28, 38, 24, 46, 42, 26, 13, 2, 21, 20, 31, 18, 16, 44, 41, 39, 27, 36, 5, 29, 35, 37, 7, 10, 14, 0, 4, 22, 6, 17, 15, 9, 1, 8]
60		95431.08546821214		[30, 43, 45, 32, 19, 11, 12, 33, 40, 34, 25, 23, 47, 3, 28, 38, 24, 46, 42, 26, 13, 2, 21, 20, 31, 18, 16, 44, 41, 39, 27, 36, 5, 29, 35, 37, 7, 10, 14, 0, 4, 22, 6, 17, 15, 9, 1, 8]
61		95198.65989807999		[30, 43, 45, 32, 19, 46, 12, 33, 40, 34, 25, 23, 47, 3, 28, 38, 24, 11, 42, 26, 13, 2, 21, 20, 31, 18, 16, 44, 41, 39, 27, 36, 5, 29, 35, 37, 7, 10, 14, 0, 4, 22, 6, 17, 15, 9, 1, 8]
62		94957.91878779067		[30, 43, 45, 32, 11, 46, 12, 33, 40, 34, 25, 23, 47, 3, 28, 38, 24, 19, 42, 26, 13, 2, 21, 20, 31, 18, 16, 44, 41, 39, 27, 36, 5, 29, 35, 37, 7, 10, 14, 0, 4, 22, 6, 17, 15, 9, 1, 8]
63		94693.34409839529		[30, 43, 45, 32, 10, 46, 12, 33, 40, 34, 25, 23, 47, 3, 28, 38, 24, 19, 42, 26, 13, 2, 21, 20, 31, 18, 16, 44, 41, 39, 27, 36, 5, 29, 35, 37, 7, 11, 14, 0, 4, 22, 6, 17, 15, 9, 1, 8]
64		94632.77910126808		[30, 43, 45, 39, 10, 46, 12, 33, 40, 34, 25, 23, 47, 3, 28, 38, 24, 19, 42, 26, 13, 2, 21, 20, 31, 18, 16, 44, 41, 32, 27, 36, 5, 29, 35, 37, 7, 11, 14, 0, 4, 22, 6, 17, 15, 9, 1, 8]
65		93518.88482091298		[30, 43, 45, 11, 10, 46, 12, 33, 40, 34, 25, 23, 47, 3, 28, 38, 24, 19, 42, 26, 13, 2, 21, 20, 31, 18, 16, 44, 41, 32, 27, 36, 5, 29, 35, 37, 7, 39, 14, 0, 4, 22, 6, 17, 15, 9, 1, 8]
66		93326.18384949693		[30, 43, 45, 11, 10, 24, 12, 33, 40, 34, 25, 23, 47, 3, 28, 38, 46, 19, 42, 26, 13, 2, 21, 20, 31, 18, 16, 44, 41, 32, 27, 36, 5, 29, 35, 37, 7, 39, 14, 0, 4, 22, 6, 17, 15, 9, 1, 8]
67		92647.85299555906		[30, 43, 45, 11, 13, 24, 12, 33, 40, 34, 25, 23, 47, 3, 28, 38, 46, 19, 42, 26, 10, 2, 21, 20, 31, 18, 16, 44, 41, 32, 27, 36, 5, 29, 35, 37, 7, 39, 14, 0, 4, 22, 6, 17, 15, 9, 1, 8]
68		92424.24947222583		[30, 43, 45, 10, 13, 24, 12, 33, 40, 34, 25, 23, 47, 3, 28, 38, 46, 19, 42, 26, 11, 2, 21, 20, 31, 18, 16, 44, 41, 32, 27, 36, 5, 29, 35, 37, 7, 39, 14, 0, 4, 22, 6, 17, 15, 9, 1, 8]
69		92413.90762694013		[30, 43, 11, 10, 13, 24, 12, 33, 40, 34, 25, 23, 47, 3, 28, 38, 46, 19, 42, 26, 45, 2, 21, 20, 31, 18, 16, 44, 41, 32, 27, 36, 5, 29, 35, 37, 7, 39, 14, 0, 4, 22, 6, 17, 15, 9, 1, 8]
70		92408.12891092067		[43, 30, 11, 10, 13, 24, 12, 33, 40, 34, 25, 23, 47, 3, 28, 38, 46, 19, 42, 26, 45, 2, 21, 20, 31, 18, 16, 44, 41, 32, 27, 36, 5, 29, 35, 37, 7, 39, 14, 0, 4, 22, 6, 17, 15, 9, 1, 8]
71		92165.52467089631		[43, 30, 0, 10, 13, 24, 12, 33, 40, 34, 25, 23, 47, 3, 28, 38, 46, 19, 42, 26, 45, 2, 21, 20, 31, 18, 16, 44, 41, 32, 27, 36, 5, 29, 35, 37, 7, 39, 14, 11, 4, 22, 6, 17, 15, 9, 1, 8]
72		91709.15231795685		[43, 30, 45, 10, 13, 24, 12, 33, 40, 34, 25, 23, 47, 3, 28, 38, 46, 19, 42, 26, 0, 2, 21, 20, 31, 18, 16, 44, 41, 32, 27, 36, 5, 29, 35, 37, 7, 39, 14, 11, 4, 22, 6, 17, 15, 9, 1, 8]
73		91690.44042411004		[30, 43, 45, 10, 13, 24, 12, 33, 40, 34, 25, 23, 47, 3, 28, 38, 46, 19, 42, 26, 0, 2, 21, 20, 31, 18, 16, 44, 41, 32, 27, 36, 5, 29, 35, 37, 7, 39, 14, 11, 4, 22, 6, 17, 15, 9, 1, 8]
74		91599.95406069499		[30, 43, 45, 11, 13, 24, 12, 33, 40, 34, 25, 23, 47, 3, 28, 38, 46, 19, 42, 26, 0, 2, 21, 20, 31, 18, 16, 44, 41, 32, 27, 36, 5, 29, 35, 37, 7, 39, 14, 10, 4, 22, 6, 17, 15, 9, 1, 8]
75		91507.88326415239		[30, 43, 45, 14, 13, 24, 12, 33, 40, 34, 25, 23, 47, 3, 28, 38, 46, 19, 42, 26, 0, 2, 21, 20, 31, 18, 16, 44, 41, 32, 27, 36, 5, 29, 35, 37, 7, 39, 11, 10, 4, 22, 6, 17, 15, 9, 1, 8]
76		90654.60694791633		[30, 43, 45, 14, 12, 24, 13, 33, 40, 34, 25, 23, 47, 3, 28, 38, 46, 19, 42, 26, 0, 2, 21, 20, 31, 18, 16, 44, 41, 32, 27, 36, 5, 29, 35, 37, 7, 39, 11, 10, 4, 22, 6, 17, 15, 9, 1, 8]
77		90644.10809873145		[30, 43, 45, 11, 12, 24, 13, 33, 40, 34, 25, 23, 47, 3, 28, 38, 46, 19, 42, 26, 0, 2, 21, 20, 31, 18, 16, 44, 41, 32, 27, 36, 5, 29, 35, 37, 7, 39, 14, 10, 4, 22, 6, 17, 15, 9, 1, 8]
78		90074.52394842336		[30, 43, 45, 11, 4, 24, 13, 33, 40, 34, 25, 23, 47, 3, 28, 38, 46, 19, 42, 26, 0, 2, 21, 20, 31, 18, 16, 44, 41, 32, 27, 36, 5, 29, 35, 37, 7, 39, 14, 10, 12, 22, 6, 17, 15, 9, 1, 8]
79		89518.2205044993		[30, 43, 45, 31, 4, 24, 13, 33, 40, 34, 25, 23, 47, 3, 28, 38, 46, 19, 42, 26, 0, 2, 21, 20, 11, 18, 16, 44, 41, 32, 27, 36, 5, 29, 35, 37, 7, 39, 14, 10, 12, 22, 6, 17, 15, 9, 1, 8]
80		87940.68212606985		[30, 43, 20, 31, 4, 24, 13, 33, 40, 34, 25, 23, 47, 3, 28, 38, 46, 19, 42, 26, 0, 2, 21, 45, 11, 18, 16, 44, 41, 32, 27, 36, 5, 29, 35, 37, 7, 39, 14, 10, 12, 22, 6, 17, 15, 9, 1, 8]
81		86491.65538002168		[30, 11, 20, 31, 4, 24, 13, 33, 40, 34, 25, 23, 47, 3, 28, 38, 46, 19, 42, 26, 0, 2, 21, 45, 43, 18, 16, 44, 41, 32, 27, 36, 5, 29, 35, 37, 7, 39, 14, 10, 12, 22, 6, 17, 15, 9, 1, 8]
82		86327.11816852566		[0, 11, 20, 31, 4, 24, 13, 33, 40, 34, 25, 23, 47, 3, 28, 38, 46, 19, 42, 26, 30, 2, 21, 45, 43, 18, 16, 44, 41, 32, 27, 36, 5, 29, 35, 37, 7, 39, 14, 10, 12, 22, 6, 17, 15, 9, 1, 8]
83		85444.4215583632		[2, 11, 20, 31, 4, 24, 13, 33, 40, 34, 25, 23, 47, 3, 28, 38, 46, 19, 42, 26, 30, 0, 21, 45, 43, 18, 16, 44, 41, 32, 27, 36, 5, 29, 35, 37, 7, 39, 14, 10, 12, 22, 6, 17, 15, 9, 1, 8]
84		85333.26976036112		[45, 11, 20, 31, 4, 24, 13, 33, 40, 34, 25, 23, 47, 3, 28, 38, 46, 19, 42, 26, 30, 0, 21, 2, 43, 18, 16, 44, 41, 32, 27, 36, 5, 29, 35, 37, 7, 39, 14, 10, 12, 22, 6, 17, 15, 9, 1, 8]
85		85197.74381789767		[32, 11, 20, 31, 4, 24, 13, 33, 40, 34, 25, 23, 47, 3, 28, 38, 46, 19, 42, 26, 30, 0, 21, 2, 43, 18, 16, 44, 41, 45, 27, 36, 5, 29, 35, 37, 7, 39, 14, 10, 12, 22, 6, 17, 15, 9, 1, 8]
86		85021.07670050669		[15, 11, 20, 31, 4, 24, 13, 33, 40, 34, 25, 23, 47, 3, 28, 38, 46, 19, 42, 26, 30, 0, 21, 2, 43, 18, 16, 44, 41, 45, 27, 36, 5, 29, 35, 37, 7, 39, 14, 10, 12, 22, 6, 17, 32, 9, 1, 8]
87		84365.5543688254		[2, 11, 20, 31, 4, 24, 13, 33, 40, 34, 25, 23, 47, 3, 28, 38, 46, 19, 42, 26, 30, 0, 21, 15, 43, 18, 16, 44, 41, 45, 27, 36, 5, 29, 35, 37, 7, 39, 14, 10, 12, 22, 6, 17, 32, 9, 1, 8]
88		84217.41810779773		[45, 11, 20, 31, 4, 24, 13, 33, 40, 34, 25, 23, 47, 3, 28, 38, 46, 19, 42, 26, 30, 0, 21, 15, 43, 18, 16, 44, 41, 2, 27, 36, 5, 29, 35, 37, 7, 39, 14, 10, 12, 22, 6, 17, 32, 9, 1, 8]
89		84095.63741475518		[22, 11, 20, 31, 4, 24, 13, 33, 40, 34, 25, 23, 47, 3, 28, 38, 46, 19, 42, 26, 30, 0, 21, 15, 43, 18, 16, 44, 41, 2, 27, 36, 5, 29, 35, 37, 7, 39, 14, 10, 12, 45, 6, 17, 32, 9, 1, 8]
90		83896.2880722134		[11, 22, 20, 31, 4, 24, 13, 33, 40, 34, 25, 23, 47, 3, 28, 38, 46, 19, 42, 26, 30, 0, 21, 15, 43, 18, 16, 44, 41, 2, 27, 36, 5, 29, 35, 37, 7, 39, 14, 10, 12, 45, 6, 17, 32, 9, 1, 8]
91		82987.4585965113		[2, 22, 20, 31, 4, 24, 13, 33, 40, 34, 25, 23, 47, 3, 28, 38, 46, 19, 42, 26, 30, 0, 21, 15, 43, 18, 16, 44, 41, 11, 27, 36, 5, 29, 35, 37, 7, 39, 14, 10, 12, 45, 6, 17, 32, 9, 1, 8]
92		82444.81880081826		[8, 22, 20, 31, 4, 24, 13, 33, 40, 34, 25, 23, 47, 3, 28, 38, 46, 19, 42, 26, 30, 0, 21, 15, 43, 18, 16, 44, 41, 11, 27, 36, 5, 29, 35, 37, 7, 39, 14, 10, 12, 45, 6, 17, 32, 9, 1, 2]
93		82359.39119546462		[0, 22, 20, 31, 4, 24, 13, 33, 40, 34, 25, 23, 47, 3, 28, 38, 46, 19, 42, 26, 30, 8, 21, 15, 43, 18, 16, 44, 41, 11, 27, 36, 5, 29, 35, 37, 7, 39, 14, 10, 12, 45, 6, 17, 32, 9, 1, 2]
94		81974.31883849396		[21, 22, 20, 31, 4, 24, 13, 33, 40, 34, 25, 23, 47, 3, 28, 38, 46, 19, 42, 26, 30, 8, 0, 15, 43, 18, 16, 44, 41, 11, 27, 36, 5, 29, 35, 37, 7, 39, 14, 10, 12, 45, 6, 17, 32, 9, 1, 2]
95		81678.87247655596		[15, 22, 20, 31, 4, 24, 13, 33, 40, 34, 25, 23, 47, 3, 28, 38, 46, 19, 42, 26, 30, 8, 0, 21, 43, 18, 16, 44, 41, 11, 27, 36, 5, 29, 35, 37, 7, 39, 14, 10, 12, 45, 6, 17, 32, 9, 1, 2]
96		81083.66985021306		[2, 22, 20, 31, 4, 24, 13, 33, 40, 34, 25, 23, 47, 3, 28, 38, 46, 19, 42, 26, 30, 8, 0, 21, 43, 18, 16, 44, 41, 11, 27, 36, 5, 29, 35, 37, 7, 39, 14, 10, 12, 45, 6, 17, 32, 9, 1, 15]
97		80510.34551660539		[2, 12, 20, 31, 4, 24, 13, 33, 40, 34, 25, 23, 47, 3, 28, 38, 46, 19, 42, 26, 30, 8, 0, 21, 43, 18, 16, 44, 41, 11, 27, 36, 5, 29, 35, 37, 7, 39, 14, 10, 22, 45, 6, 17, 32, 9, 1, 15]
98		80455.2956580921		[9, 12, 20, 31, 4, 24, 13, 33, 40, 34, 25, 23, 47, 3, 28, 38, 46, 19, 42, 26, 30, 8, 0, 21, 43, 18, 16, 44, 41, 11, 27, 36, 5, 29, 35, 37, 7, 39, 14, 10, 22, 45, 6, 17, 32, 2, 1, 15]
99		77554.5480561179		[40, 12, 20, 31, 4, 24, 13, 33, 9, 34, 25, 23, 47, 3, 28, 38, 46, 19, 42, 26, 30, 8, 0, 21, 43, 18, 16, 44, 41, 11, 27, 36, 5, 29, 35, 37, 7, 39, 14, 10, 22, 45, 6, 17, 32, 2, 1, 15]
100		77421.61819105147		[38, 12, 20, 31, 4, 24, 13, 33, 9, 34, 25, 23, 47, 3, 28, 40, 46, 19, 42, 26, 30, 8, 0, 21, 43, 18, 16, 44, 41, 11, 27, 36, 5, 29, 35, 37, 7, 39, 14, 10, 22, 45, 6, 17, 32, 2, 1, 15]
101		76714.59715697574		[20, 12, 38, 31, 4, 24, 13, 33, 9, 34, 25, 23, 47, 3, 28, 40, 46, 19, 42, 26, 30, 8, 0, 21, 43, 18, 16, 44, 41, 11, 27, 36, 5, 29, 35, 37, 7, 39, 14, 10, 22, 45, 6, 17, 32, 2, 1, 15]
102		76618.41219006825		[12, 20, 38, 31, 4, 24, 13, 33, 9, 34, 25, 23, 47, 3, 28, 40, 46, 19, 42, 26, 30, 8, 0, 21, 43, 18, 16, 44, 41, 11, 27, 36, 5, 29, 35, 37, 7, 39, 14, 10, 22, 45, 6, 17, 32, 2, 1, 15]
103		76357.51771951217		[1, 20, 38, 31, 4, 24, 13, 33, 9, 34, 25, 23, 47, 3, 28, 40, 46, 19, 42, 26, 30, 8, 0, 21, 43, 18, 16, 44, 41, 11, 27, 36, 5, 29, 35, 37, 7, 39, 14, 10, 22, 45, 6, 17, 32, 2, 12, 15]
104		76278.13318724558		[31, 20, 38, 1, 4, 24, 13, 33, 9, 34, 25, 23, 47, 3, 28, 40, 46, 19, 42, 26, 30, 8, 0, 21, 43, 18, 16, 44, 41, 11, 27, 36, 5, 29, 35, 37, 7, 39, 14, 10, 22, 45, 6, 17, 32, 2, 12, 15]
105		75675.159324854		[20, 31, 38, 1, 4, 24, 13, 33, 9, 34, 25, 23, 47, 3, 28, 40, 46, 19, 42, 26, 30, 8, 0, 21, 43, 18, 16, 44, 41, 11, 27, 36, 5, 29, 35, 37, 7, 39, 14, 10, 22, 45, 6, 17, 32, 2, 12, 15]
106		74274.49670254071		[44, 31, 38, 1, 4, 24, 13, 33, 9, 34, 25, 23, 47, 3, 28, 40, 46, 19, 42, 26, 30, 8, 0, 21, 43, 18, 16, 20, 41, 11, 27, 36, 5, 29, 35, 37, 7, 39, 14, 10, 22, 45, 6, 17, 32, 2, 12, 15]
107		74044.3140231413		[9, 31, 38, 1, 4, 24, 13, 33, 44, 34, 25, 23, 47, 3, 28, 40, 46, 19, 42, 26, 30, 8, 0, 21, 43, 18, 16, 20, 41, 11, 27, 36, 5, 29, 35, 37, 7, 39, 14, 10, 22, 45, 6, 17, 32, 2, 12, 15]
108		73287.03475322168		[38, 31, 9, 1, 4, 24, 13, 33, 44, 34, 25, 23, 47, 3, 28, 40, 46, 19, 42, 26, 30, 8, 0, 21, 43, 18, 16, 20, 41, 11, 27, 36, 5, 29, 35, 37, 7, 39, 14, 10, 22, 45, 6, 17, 32, 2, 12, 15]
109		71169.84898451254		[41, 31, 9, 1, 4, 24, 13, 33, 44, 34, 25, 23, 47, 3, 28, 40, 46, 19, 42, 26, 30, 8, 0, 21, 43, 18, 16, 20, 38, 11, 27, 36, 5, 29, 35, 37, 7, 39, 14, 10, 22, 45, 6, 17, 32, 2, 12, 15]
110		69630.91030968861		[31, 41, 9, 1, 4, 24, 13, 33, 44, 34, 25, 23, 47, 3, 28, 40, 46, 19, 42, 26, 30, 8, 0, 21, 43, 18, 16, 20, 38, 11, 27, 36, 5, 29, 35, 37, 7, 39, 14, 10, 22, 45, 6, 17, 32, 2, 12, 15]
111		69011.57179202758		[1, 41, 9, 31, 4, 24, 13, 33, 44, 34, 25, 23, 47, 3, 28, 40, 46, 19, 42, 26, 30, 8, 0, 21, 43, 18, 16, 20, 38, 11, 27, 36, 5, 29, 35, 37, 7, 39, 14, 10, 22, 45, 6, 17, 32, 2, 12, 15]
112		68949.05107802124		[23, 41, 9, 31, 4, 24, 13, 33, 44, 34, 25, 1, 47, 3, 28, 40, 46, 19, 42, 26, 30, 8, 0, 21, 43, 18, 16, 20, 38, 11, 27, 36, 5, 29, 35, 37, 7, 39, 14, 10, 22, 45, 6, 17, 32, 2, 12, 15]
113		68934.10074980372		[41, 23, 9, 31, 4, 24, 13, 33, 44, 34, 25, 1, 47, 3, 28, 40, 46, 19, 42, 26, 30, 8, 0, 21, 43, 18, 16, 20, 38, 11, 27, 36, 5, 29, 35, 37, 7, 39, 14, 10, 22, 45, 6, 17, 32, 2, 12, 15]
114		68645.08424168006		[9, 23, 41, 31, 4, 24, 13, 33, 44, 34, 25, 1, 47, 3, 28, 40, 46, 19, 42, 26, 30, 8, 0, 21, 43, 18, 16, 20, 38, 11, 27, 36, 5, 29, 35, 37, 7, 39, 14, 10, 22, 45, 6, 17, 32, 2, 12, 15]
115		68309.58474248079		[23, 9, 41, 31, 4, 24, 13, 33, 44, 34, 25, 1, 47, 3, 28, 40, 46, 19, 42, 26, 30, 8, 0, 21, 43, 18, 16, 20, 38, 11, 27, 36, 5, 29, 35, 37, 7, 39, 14, 10, 22, 45, 6, 17, 32, 2, 12, 15]
116		67809.86038246856		[41, 9, 23, 31, 4, 24, 13, 33, 44, 34, 25, 1, 47, 3, 28, 40, 46, 19, 42, 26, 30, 8, 0, 21, 43, 18, 16, 20, 38, 11, 27, 36, 5, 29, 35, 37, 7, 39, 14, 10, 22, 45, 6, 17, 32, 2, 12, 15]
117		67569.42754583067		[44, 9, 23, 31, 4, 24, 13, 33, 41, 34, 25, 1, 47, 3, 28, 40, 46, 19, 42, 26, 30, 8, 0, 21, 43, 18, 16, 20, 38, 11, 27, 36, 5, 29, 35, 37, 7, 39, 14, 10, 22, 45, 6, 17, 32, 2, 12, 15]
118		66248.26273279663		[44, 34, 23, 31, 4, 24, 13, 33, 41, 9, 25, 1, 47, 3, 28, 40, 46, 19, 42, 26, 30, 8, 0, 21, 43, 18, 16, 20, 38, 11, 27, 36, 5, 29, 35, 37, 7, 39, 14, 10, 22, 45, 6, 17, 32, 2, 12, 15]
119		66160.96738867355		[34, 44, 23, 31, 4, 24, 13, 33, 41, 9, 25, 1, 47, 3, 28, 40, 46, 19, 42, 26, 30, 8, 0, 21, 43, 18, 16, 20, 38, 11, 27, 36, 5, 29, 35, 37, 7, 39, 14, 10, 22, 45, 6, 17, 32, 2, 12, 15]
120		65958.03576890418		[34, 44, 23, 31, 33, 24, 13, 4, 41, 9, 25, 1, 47, 3, 28, 40, 46, 19, 42, 26, 30, 8, 0, 21, 43, 18, 16, 20, 38, 11, 27, 36, 5, 29, 35, 37, 7, 39, 14, 10, 22, 45, 6, 17, 32, 2, 12, 15]
121		65313.93077891518		[34, 44, 23, 31, 24, 33, 13, 4, 41, 9, 25, 1, 47, 3, 28, 40, 46, 19, 42, 26, 30, 8, 0, 21, 43, 18, 16, 20, 38, 11, 27, 36, 5, 29, 35, 37, 7, 39, 14, 10, 22, 45, 6, 17, 32, 2, 12, 15]
122		64407.28566275604		[34, 44, 23, 31, 38, 33, 13, 4, 41, 9, 25, 1, 47, 3, 28, 40, 46, 19, 42, 26, 30, 8, 0, 21, 43, 18, 16, 20, 24, 11, 27, 36, 5, 29, 35, 37, 7, 39, 14, 10, 22, 45, 6, 17, 32, 2, 12, 15]
123		63816.5903253936		[34, 44, 23, 31, 38, 13, 33, 4, 41, 9, 25, 1, 47, 3, 28, 40, 46, 19, 42, 26, 30, 8, 0, 21, 43, 18, 16, 20, 24, 11, 27, 36, 5, 29, 35, 37, 7, 39, 14, 10, 22, 45, 6, 17, 32, 2, 12, 15]
124		63495.88876273378		[34, 44, 23, 31, 38, 12, 33, 4, 41, 9, 25, 1, 47, 3, 28, 40, 46, 19, 42, 26, 30, 8, 0, 21, 43, 18, 16, 20, 24, 11, 27, 36, 5, 29, 35, 37, 7, 39, 14, 10, 22, 45, 6, 17, 32, 2, 13, 15]
125		63161.291135706706		[34, 44, 23, 31, 38, 40, 33, 4, 41, 9, 25, 1, 47, 3, 28, 12, 46, 19, 42, 26, 30, 8, 0, 21, 43, 18, 16, 20, 24, 11, 27, 36, 5, 29, 35, 37, 7, 39, 14, 10, 22, 45, 6, 17, 32, 2, 13, 15]
126		62898.25492730056		[34, 44, 23, 31, 38, 33, 40, 4, 41, 9, 25, 1, 47, 3, 28, 12, 46, 19, 42, 26, 30, 8, 0, 21, 43, 18, 16, 20, 24, 11, 27, 36, 5, 29, 35, 37, 7, 39, 14, 10, 22, 45, 6, 17, 32, 2, 13, 15]
127		62516.155562317545		[34, 44, 23, 31, 38, 13, 40, 4, 41, 9, 25, 1, 47, 3, 28, 12, 46, 19, 42, 26, 30, 8, 0, 21, 43, 18, 16, 20, 24, 11, 27, 36, 5, 29, 35, 37, 7, 39, 14, 10, 22, 45, 6, 17, 32, 2, 33, 15]
128		62516.02317783492		[34, 44, 23, 31, 38, 13, 47, 4, 41, 9, 25, 1, 40, 3, 28, 12, 46, 19, 42, 26, 30, 8, 0, 21, 43, 18, 16, 20, 24, 11, 27, 36, 5, 29, 35, 37, 7, 39, 14, 10, 22, 45, 6, 17, 32, 2, 33, 15]
129		62496.06474992178		[34, 44, 23, 31, 38, 3, 47, 4, 41, 9, 25, 1, 40, 13, 28, 12, 46, 19, 42, 26, 30, 8, 0, 21, 43, 18, 16, 20, 24, 11, 27, 36, 5, 29, 35, 37, 7, 39, 14, 10, 22, 45, 6, 17, 32, 2, 33, 15]
130		61797.33774941986		[34, 44, 3, 31, 38, 23, 47, 4, 41, 9, 25, 1, 40, 13, 28, 12, 46, 19, 42, 26, 30, 8, 0, 21, 43, 18, 16, 20, 24, 11, 27, 36, 5, 29, 35, 37, 7, 39, 14, 10, 22, 45, 6, 17, 32, 2, 33, 15]
131		61347.15476738879		[44, 34, 3, 31, 38, 23, 47, 4, 41, 9, 25, 1, 40, 13, 28, 12, 46, 19, 42, 26, 30, 8, 0, 21, 43, 18, 16, 20, 24, 11, 27, 36, 5, 29, 35, 37, 7, 39, 14, 10, 22, 45, 6, 17, 32, 2, 33, 15]
132		60879.80892197541		[3, 34, 44, 31, 38, 23, 47, 4, 41, 9, 25, 1, 40, 13, 28, 12, 46, 19, 42, 26, 30, 8, 0, 21, 43, 18, 16, 20, 24, 11, 27, 36, 5, 29, 35, 37, 7, 39, 14, 10, 22, 45, 6, 17, 32, 2, 33, 15]
133		60488.97599683212		[9, 34, 44, 31, 38, 23, 47, 4, 41, 3, 25, 1, 40, 13, 28, 12, 46, 19, 42, 26, 30, 8, 0, 21, 43, 18, 16, 20, 24, 11, 27, 36, 5, 29, 35, 37, 7, 39, 14, 10, 22, 45, 6, 17, 32, 2, 33, 15]
134		59668.71640678525		[44, 34, 9, 31, 38, 23, 47, 4, 41, 3, 25, 1, 40, 13, 28, 12, 46, 19, 42, 26, 30, 8, 0, 21, 43, 18, 16, 20, 24, 11, 27, 36, 5, 29, 35, 37, 7, 39, 14, 10, 22, 45, 6, 17, 32, 2, 33, 15]
135		59525.8224376286		[44, 34, 9, 38, 31, 23, 47, 4, 41, 3, 25, 1, 40, 13, 28, 12, 46, 19, 42, 26, 30, 8, 0, 21, 43, 18, 16, 20, 24, 11, 27, 36, 5, 29, 35, 37, 7, 39, 14, 10, 22, 45, 6, 17, 32, 2, 33, 15]
136		57311.71924154944		[44, 34, 9, 23, 31, 38, 47, 4, 41, 3, 25, 1, 40, 13, 28, 12, 46, 19, 42, 26, 30, 8, 0, 21, 43, 18, 16, 20, 24, 11, 27, 36, 5, 29, 35, 37, 7, 39, 14, 10, 22, 45, 6, 17, 32, 2, 33, 15]
137		57156.12533910931		[44, 34, 9, 23, 31, 38, 47, 4, 41, 25, 3, 1, 40, 13, 28, 12, 46, 19, 42, 26, 30, 8, 0, 21, 43, 18, 16, 20, 24, 11, 27, 36, 5, 29, 35, 37, 7, 39, 14, 10, 22, 45, 6, 17, 32, 2, 33, 15]
138		55700.68498094832		[44, 34, 9, 23, 31, 38, 47, 4, 41, 25, 3, 1, 28, 13, 40, 12, 46, 19, 42, 26, 30, 8, 0, 21, 43, 18, 16, 20, 24, 11, 27, 36, 5, 29, 35, 37, 7, 39, 14, 10, 22, 45, 6, 17, 32, 2, 33, 15]
139		53785.05100415515		[44, 34, 9, 23, 31, 38, 47, 4, 41, 25, 3, 1, 28, 40, 13, 12, 46, 19, 42, 26, 30, 8, 0, 21, 43, 18, 16, 20, 24, 11, 27, 36, 5, 29, 35, 37, 7, 39, 14, 10, 22, 45, 6, 17, 32, 2, 33, 15]
140		52374.78030610193		[44, 34, 9, 23, 31, 38, 47, 4, 41, 25, 3, 1, 28, 33, 13, 12, 46, 19, 42, 26, 30, 8, 0, 21, 43, 18, 16, 20, 24, 11, 27, 36, 5, 29, 35, 37, 7, 39, 14, 10, 22, 45, 6, 17, 32, 2, 40, 15]
141		51872.3397066875		[44, 34, 9, 23, 31, 38, 47, 4, 41, 25, 3, 1, 28, 33, 13, 24, 46, 19, 42, 26, 30, 8, 0, 21, 43, 18, 16, 20, 12, 11, 27, 36, 5, 29, 35, 37, 7, 39, 14, 10, 22, 45, 6, 17, 32, 2, 40, 15]
142		51810.626698434986		[44, 34, 9, 23, 31, 38, 47, 4, 41, 25, 3, 1, 28, 33, 13, 24, 20, 19, 42, 26, 30, 8, 0, 21, 43, 18, 16, 46, 12, 11, 27, 36, 5, 29, 35, 37, 7, 39, 14, 10, 22, 45, 6, 17, 32, 2, 40, 15]
143		51581.12400597707		[44, 34, 9, 23, 31, 38, 47, 4, 41, 25, 3, 1, 28, 33, 13, 24, 12, 19, 42, 26, 30, 8, 0, 21, 43, 18, 16, 46, 20, 11, 27, 36, 5, 29, 35, 37, 7, 39, 14, 10, 22, 45, 6, 17, 32, 2, 40, 15]
144		51568.03063874036		[44, 34, 9, 23, 31, 38, 47, 4, 41, 25, 3, 1, 28, 33, 13, 24, 12, 46, 42, 26, 30, 8, 0, 21, 43, 18, 16, 19, 20, 11, 27, 36, 5, 29, 35, 37, 7, 39, 14, 10, 22, 45, 6, 17, 32, 2, 40, 15]
145		50722.007205266265		[44, 34, 9, 23, 31, 38, 47, 4, 41, 25, 3, 1, 28, 33, 13, 24, 12, 20, 42, 26, 30, 8, 0, 21, 43, 18, 16, 19, 46, 11, 27, 36, 5, 29, 35, 37, 7, 39, 14, 10, 22, 45, 6, 17, 32, 2, 40, 15]
146		50719.38687218332		[44, 34, 9, 23, 31, 38, 47, 4, 41, 25, 3, 1, 28, 33, 13, 24, 12, 20, 19, 26, 30, 8, 0, 21, 43, 18, 16, 42, 46, 11, 27, 36, 5, 29, 35, 37, 7, 39, 14, 10, 22, 45, 6, 17, 32, 2, 40, 15]
147		49822.473659761505		[44, 34, 9, 23, 31, 38, 47, 4, 41, 25, 3, 1, 28, 33, 13, 24, 12, 20, 46, 26, 30, 8, 0, 21, 43, 18, 16, 42, 19, 11, 27, 36, 5, 29, 35, 37, 7, 39, 14, 10, 22, 45, 6, 17, 32, 2, 40, 15]
148		47862.15615968164		[44, 34, 9, 23, 31, 38, 47, 4, 41, 25, 3, 1, 28, 33, 13, 24, 12, 20, 46, 43, 30, 8, 0, 21, 26, 18, 16, 42, 19, 11, 27, 36, 5, 29, 35, 37, 7, 39, 14, 10, 22, 45, 6, 17, 32, 2, 40, 15]
149		47330.62727615884		[44, 34, 9, 23, 31, 38, 47, 4, 41, 25, 3, 1, 28, 33, 13, 24, 12, 20, 46, 11, 30, 8, 0, 21, 26, 18, 16, 42, 19, 43, 27, 36, 5, 29, 35, 37, 7, 39, 14, 10, 22, 45, 6, 17, 32, 2, 40, 15]
150		47321.680009156255		[44, 34, 9, 23, 31, 38, 47, 4, 41, 25, 3, 1, 28, 33, 13, 24, 12, 20, 46, 14, 30, 8, 0, 21, 26, 18, 16, 42, 19, 43, 27, 36, 5, 29, 35, 37, 7, 39, 11, 10, 22, 45, 6, 17, 32, 2, 40, 15]
151		47228.94300208407		[44, 34, 9, 23, 31, 38, 47, 4, 41, 25, 3, 1, 28, 33, 13, 24, 12, 20, 46, 45, 30, 8, 0, 21, 26, 18, 16, 42, 19, 43, 27, 36, 5, 29, 35, 37, 7, 39, 11, 10, 22, 14, 6, 17, 32, 2, 40, 15]
152		46556.1206885569		[44, 34, 9, 23, 31, 38, 47, 4, 41, 25, 3, 1, 28, 33, 13, 24, 12, 20, 46, 19, 30, 8, 0, 21, 26, 18, 16, 42, 45, 43, 27, 36, 5, 29, 35, 37, 7, 39, 11, 10, 22, 14, 6, 17, 32, 2, 40, 15]
153		46080.903744669515		[44, 34, 9, 23, 31, 38, 47, 4, 41, 25, 3, 1, 28, 33, 13, 24, 12, 20, 46, 19, 21, 8, 0, 30, 26, 18, 16, 42, 45, 43, 27, 36, 5, 29, 35, 37, 7, 39, 11, 10, 22, 14, 6, 17, 32, 2, 40, 15]
154		45600.91990208882		[44, 34, 9, 23, 31, 38, 47, 4, 41, 25, 3, 1, 28, 33, 13, 24, 12, 20, 46, 22, 21, 8, 0, 30, 26, 18, 16, 42, 45, 43, 27, 36, 5, 29, 35, 37, 7, 39, 11, 10, 19, 14, 6, 17, 32, 2, 40, 15]
155		45596.573830676265		[44, 34, 9, 23, 31, 38, 47, 4, 41, 25, 3, 1, 28, 33, 13, 24, 12, 20, 10, 22, 21, 8, 0, 30, 26, 18, 16, 42, 45, 43, 27, 36, 5, 29, 35, 37, 7, 39, 11, 46, 19, 14, 6, 17, 32, 2, 40, 15]
156		45561.65258362813		[44, 34, 9, 23, 31, 38, 47, 4, 41, 25, 3, 1, 28, 33, 13, 24, 12, 20, 10, 22, 2, 8, 0, 30, 26, 18, 16, 42, 45, 43, 27, 36, 5, 29, 35, 37, 7, 39, 11, 46, 19, 14, 6, 17, 32, 21, 40, 15]
157		44870.71322993675		[44, 34, 9, 23, 31, 38, 47, 4, 41, 25, 3, 1, 28, 33, 13, 24, 12, 20, 10, 22, 2, 0, 8, 30, 26, 18, 16, 42, 45, 43, 27, 36, 5, 29, 35, 37, 7, 39, 11, 46, 19, 14, 6, 17, 32, 21, 40, 15]
158		44753.149053706664		[44, 34, 9, 23, 31, 38, 47, 4, 41, 25, 3, 1, 28, 33, 13, 24, 12, 20, 10, 22, 21, 0, 8, 30, 26, 18, 16, 42, 45, 43, 27, 36, 5, 29, 35, 37, 7, 39, 11, 46, 19, 14, 6, 17, 32, 2, 40, 15]
159		44272.73314471536		[44, 34, 9, 23, 31, 38, 47, 4, 41, 25, 3, 1, 28, 33, 13, 24, 12, 20, 10, 22, 21, 0, 7, 30, 26, 18, 16, 42, 45, 43, 27, 36, 5, 29, 35, 37, 8, 39, 11, 46, 19, 14, 6, 17, 32, 2, 40, 15]
160		44251.87934583616		[44, 34, 9, 23, 31, 38, 47, 4, 41, 25, 3, 1, 28, 33, 13, 24, 12, 20, 10, 22, 21, 0, 7, 37, 26, 18, 16, 42, 45, 43, 27, 36, 5, 29, 35, 30, 8, 39, 11, 46, 19, 14, 6, 17, 32, 2, 40, 15]
161		44066.58845462299		[44, 34, 9, 23, 31, 38, 47, 4, 41, 25, 3, 1, 28, 33, 13, 24, 12, 20, 10, 22, 21, 0, 7, 37, 18, 26, 16, 42, 45, 43, 27, 36, 5, 29, 35, 30, 8, 39, 11, 46, 19, 14, 6, 17, 32, 2, 40, 15]
162		43564.72119738025		[44, 34, 9, 23, 31, 38, 47, 4, 41, 25, 3, 1, 28, 33, 13, 24, 12, 20, 10, 22, 21, 0, 7, 37, 45, 26, 16, 42, 18, 43, 27, 36, 5, 29, 35, 30, 8, 39, 11, 46, 19, 14, 6, 17, 32, 2, 40, 15]
163		43367.19858423095		[44, 34, 9, 23, 31, 38, 47, 4, 41, 25, 3, 1, 28, 33, 13, 24, 12, 20, 10, 22, 21, 0, 7, 8, 45, 26, 16, 42, 18, 43, 27, 36, 5, 29, 35, 30, 37, 39, 11, 46, 19, 14, 6, 17, 32, 2, 40, 15]
164		43240.95817313938		[44, 34, 9, 23, 31, 38, 47, 4, 41, 25, 3, 1, 28, 33, 13, 24, 12, 20, 10, 22, 21, 0, 7, 8, 14, 26, 16, 42, 18, 43, 27, 36, 5, 29, 35, 30, 37, 39, 11, 46, 19, 45, 6, 17, 32, 2, 40, 15]
165		43061.23318144089		[44, 34, 9, 23, 31, 38, 47, 4, 41, 25, 3, 1, 28, 33, 13, 24, 12, 20, 10, 22, 21, 0, 7, 8, 37, 26, 16, 42, 18, 43, 27, 36, 5, 29, 35, 30, 14, 39, 11, 46, 19, 45, 6, 17, 32, 2, 40, 15]
166		42854.74178786306		[44, 34, 9, 23, 31, 38, 47, 4, 41, 25, 3, 1, 28, 33, 13, 24, 12, 20, 10, 22, 21, 0, 7, 8, 37, 42, 16, 26, 18, 43, 27, 36, 5, 29, 35, 30, 14, 39, 11, 46, 19, 45, 6, 17, 32, 2, 40, 15]
167		41906.20539727062		[44, 34, 9, 23, 31, 38, 47, 4, 41, 25, 3, 1, 28, 33, 13, 24, 12, 20, 10, 22, 21, 0, 7, 8, 37, 43, 16, 26, 18, 42, 27, 36, 5, 29, 35, 30, 14, 39, 11, 46, 19, 45, 6, 17, 32, 2, 40, 15]
168		41580.25970160377		[44, 34, 9, 23, 31, 38, 47, 4, 41, 25, 3, 1, 28, 33, 13, 24, 12, 20, 10, 22, 21, 0, 7, 8, 37, 30, 16, 26, 18, 42, 27, 36, 5, 29, 35, 43, 14, 39, 11, 46, 19, 45, 6, 17, 32, 2, 40, 15]
169		41489.627938078		[44, 34, 9, 23, 31, 38, 47, 4, 41, 25, 3, 1, 28, 33, 13, 24, 12, 20, 10, 22, 21, 0, 7, 8, 37, 30, 26, 16, 18, 42, 27, 36, 5, 29, 35, 43, 14, 39, 11, 46, 19, 45, 6, 17, 32, 2, 40, 15]
170		41204.02214035153		[44, 34, 9, 23, 31, 38, 47, 4, 41, 25, 3, 1, 28, 33, 13, 24, 12, 20, 10, 22, 21, 0, 7, 8, 37, 30, 18, 16, 26, 42, 27, 36, 5, 29, 35, 43, 14, 39, 11, 46, 19, 45, 6, 17, 32, 2, 40, 15]
171		41074.55634346339		[44, 34, 9, 23, 31, 38, 47, 4, 41, 25, 3, 1, 28, 33, 13, 24, 12, 20, 10, 22, 21, 0, 7, 8, 37, 30, 42, 16, 26, 18, 27, 36, 5, 29, 35, 43, 14, 39, 11, 46, 19, 45, 6, 17, 32, 2, 40, 15]
172		40544.3032951222		[44, 34, 9, 23, 31, 38, 47, 4, 41, 25, 3, 1, 28, 33, 13, 24, 12, 20, 10, 22, 21, 0, 7, 8, 37, 30, 27, 16, 26, 18, 42, 36, 5, 29, 35, 43, 14, 39, 11, 46, 19, 45, 6, 17, 32, 2, 40, 15]
173		40443.639763111		[44, 34, 9, 23, 31, 38, 47, 4, 41, 25, 3, 1, 28, 33, 13, 24, 12, 20, 10, 22, 21, 0, 7, 8, 37, 30, 29, 16, 26, 18, 42, 36, 5, 27, 35, 43, 14, 39, 11, 46, 19, 45, 6, 17, 32, 2, 40, 15]
174		40355.652607853044		[44, 34, 9, 23, 31, 38, 47, 4, 41, 25, 3, 1, 28, 33, 13, 24, 12, 20, 10, 22, 21, 0, 7, 8, 37, 30, 42, 16, 26, 18, 29, 36, 5, 27, 35, 43, 14, 39, 11, 46, 19, 45, 6, 17, 32, 2, 40, 15]
175		40258.8714502482		[44, 34, 9, 23, 31, 38, 47, 4, 41, 25, 3, 1, 28, 33, 13, 24, 12, 20, 10, 22, 21, 0, 7, 8, 37, 30, 18, 16, 26, 42, 29, 36, 5, 27, 35, 43, 14, 39, 11, 46, 19, 45, 6, 17, 32, 2, 40, 15]
176		40090.29093820588		[44, 34, 9, 23, 31, 38, 47, 4, 41, 25, 3, 1, 28, 33, 13, 24, 12, 20, 10, 22, 21, 0, 7, 8, 37, 30, 29, 16, 26, 42, 18, 36, 5, 27, 35, 43, 14, 39, 11, 46, 19, 45, 6, 17, 32, 2, 40, 15]
177		39887.96133283338		[44, 34, 9, 23, 31, 38, 47, 4, 41, 25, 3, 1, 28, 33, 13, 24, 12, 20, 10, 22, 21, 0, 7, 8, 37, 30, 29, 26, 16, 42, 18, 36, 5, 27, 35, 43, 14, 39, 11, 46, 19, 45, 6, 17, 32, 2, 40, 15]
178		39630.73783422068		[44, 34, 9, 23, 31, 38, 47, 4, 41, 25, 3, 1, 28, 33, 13, 24, 12, 20, 10, 22, 21, 0, 7, 8, 37, 30, 29, 42, 16, 26, 18, 36, 5, 27, 35, 43, 14, 39, 11, 46, 19, 45, 6, 17, 32, 2, 40, 15]
179		39388.8217755462		[44, 34, 9, 23, 31, 38, 47, 4, 41, 25, 3, 1, 28, 33, 13, 24, 12, 20, 10, 22, 21, 0, 7, 8, 37, 30, 29, 42, 16, 26, 18, 36, 5, 27, 6, 43, 14, 39, 11, 46, 19, 45, 35, 17, 32, 2, 40, 15]
180		39280.44796459451		[44, 34, 9, 23, 31, 38, 47, 4, 41, 25, 3, 1, 28, 33, 13, 24, 12, 20, 10, 22, 21, 0, 7, 8, 37, 30, 29, 42, 16, 26, 18, 36, 5, 27, 6, 35, 14, 39, 11, 46, 19, 45, 43, 17, 32, 2, 40, 15]
181		39235.38444530577		[44, 34, 9, 23, 31, 38, 47, 4, 41, 25, 3, 1, 28, 33, 13, 24, 12, 20, 10, 22, 21, 0, 7, 8, 37, 30, 29, 42, 16, 26, 18, 36, 5, 27, 6, 35, 32, 39, 11, 46, 19, 45, 43, 17, 14, 2, 40, 15]
182		39064.09121049426		[44, 34, 9, 23, 31, 38, 47, 4, 41, 25, 3, 1, 28, 33, 13, 24, 12, 20, 10, 22, 21, 0, 7, 8, 37, 17, 29, 42, 16, 26, 18, 36, 5, 27, 6, 35, 32, 39, 11, 46, 19, 45, 43, 30, 14, 2, 40, 15]
183		39002.24139259356		[44, 34, 9, 23, 31, 38, 47, 4, 41, 25, 3, 1, 28, 33, 13, 24, 12, 20, 10, 22, 21, 0, 7, 8, 37, 35, 29, 42, 16, 26, 18, 36, 5, 27, 6, 17, 32, 39, 11, 46, 19, 45, 43, 30, 14, 2, 40, 15]
184		38658.468021882974		[44, 34, 9, 23, 31, 38, 47, 4, 41, 25, 3, 1, 28, 33, 13, 24, 12, 20, 10, 22, 21, 0, 7, 8, 37, 35, 29, 42, 16, 26, 18, 36, 5, 27, 6, 17, 45, 39, 11, 46, 19, 32, 43, 30, 14, 2, 40, 15]
185		38432.904582043935		[44, 34, 9, 23, 31, 38, 47, 4, 41, 25, 3, 1, 28, 33, 13, 24, 12, 20, 10, 22, 21, 0, 7, 8, 37, 35, 29, 42, 16, 26, 18, 36, 5, 27, 6, 17, 43, 39, 11, 46, 19, 32, 45, 30, 14, 2, 40, 15]
186		37579.79381103255		[44, 34, 9, 23, 31, 38, 47, 4, 41, 25, 3, 1, 28, 33, 13, 24, 12, 20, 10, 22, 21, 0, 7, 8, 37, 35, 29, 42, 16, 26, 18, 36, 5, 27, 6, 17, 43, 30, 11, 46, 19, 32, 45, 39, 14, 2, 40, 15]
187		37423.840573274116		[44, 34, 9, 23, 31, 38, 47, 4, 41, 25, 3, 1, 28, 33, 13, 24, 12, 20, 10, 22, 21, 0, 7, 8, 37, 35, 29, 42, 16, 26, 18, 36, 5, 27, 6, 17, 43, 30, 45, 46, 19, 32, 11, 39, 14, 2, 40, 15]
188		36563.07664829914		[44, 34, 9, 23, 31, 38, 47, 4, 41, 25, 3, 1, 28, 33, 13, 24, 12, 20, 10, 22, 21, 0, 7, 8, 37, 35, 29, 42, 16, 26, 18, 36, 5, 27, 6, 17, 43, 30, 45, 32, 19, 46, 11, 39, 14, 2, 40, 15]
189		35704.410311203894		[44, 34, 9, 23, 31, 38, 47, 4, 41, 25, 3, 1, 28, 33, 13, 24, 12, 20, 10, 22, 21, 0, 7, 8, 37, 35, 29, 42, 16, 26, 18, 36, 5, 27, 6, 17, 43, 30, 45, 32, 19, 46, 11, 14, 39, 2, 40, 15]
190		35259.7725314698		[44, 34, 9, 23, 31, 38, 47, 4, 41, 25, 3, 1, 28, 33, 13, 24, 12, 20, 10, 22, 21, 0, 7, 8, 37, 35, 29, 42, 16, 26, 18, 36, 5, 27, 6, 17, 43, 30, 45, 32, 19, 46, 11, 14, 39, 2, 15, 40]
191		34673.15357630505		[44, 34, 9, 23, 31, 38, 47, 4, 41, 25, 3, 1, 28, 33, 13, 24, 12, 20, 10, 22, 2, 0, 7, 8, 37, 35, 29, 42, 16, 26, 18, 36, 5, 27, 6, 17, 43, 30, 45, 32, 19, 46, 11, 14, 39, 21, 15, 40]
