Iteração	Melhor Avaliação	Melhor Caminho
1		578038.1312615913		[75, 60, 66, 31, 40, 25, 6, 35, 15, 45, 30, 36, 39, 0, 7, 2, 56, 43, 70, 59, 42, 20, 72, 63, 33, 54, 29, 22, 26, 57, 8, 65, 62, 55, 13, 51, 16, 27, 73, 5, 41, 10, 48, 64, 19, 4, 68, 18, 71, 32, 69, 28, 74, 49, 50, 21, 37, 23, 58, 47, 44, 38, 34, 61, 12, 53, 67, 14, 3, 9, 46, 24, 1, 11, 52, 17]
2		575661.015192865		[40, 60, 66, 31, 75, 25, 6, 35, 15, 45, 30, 36, 39, 0, 7, 2, 56, 43, 70, 59, 42, 20, 72, 63, 33, 54, 29, 22, 26, 57, 8, 65, 62, 55, 13, 51, 16, 27, 73, 5, 41, 10, 48, 64, 19, 4, 68, 18, 71, 32, 69, 28, 74, 49, 50, 21, 37, 23, 58, 47, 44, 38, 34, 61, 12, 53, 67, 14, 3, 9, 46, 24, 1, 11, 52, 17]
3		570293.2663281839		[66, 60, 40, 31, 75, 25, 6, 35, 15, 45, 30, 36, 39, 0, 7, 2, 56, 43, 70, 59, 42, 20, 72, 63, 33, 54, 29, 22, 26, 57, 8, 65, 62, 55, 13, 51, 16, 27, 73, 5, 41, 10, 48, 64, 19, 4, 68, 18, 71, 32, 69, 28, 74, 49, 50, 21, 37, 23, 58, 47, 44, 38, 34, 61, 12, 53, 67, 14, 3, 9, 46, 24, 1, 11, 52, 17]
4		561803.2340835175		[56, 60, 40, 31, 75, 25, 6, 35, 15, 45, 30, 36, 39, 0, 7, 2, 66, 43, 70, 59, 42, 20, 72, 63, 33, 54, 29, 22, 26, 57, 8, 65, 62, 55, 13, 51, 16, 27, 73, 5, 41, 10, 48, 64, 19, 4, 68, 18, 71, 32, 69, 28, 74, 49, 50, 21, 37, 23, 58, 47, 44, 38, 34, 61, 12, 53, 67, 14, 3, 9, 46, 24, 1, 11, 52, 17]
5		558375.560921441		[70, 60, 40, 31, 75, 25, 6, 35, 15, 45, 30, 36, 39, 0, 7, 2, 66, 43, 56, 59, 42, 20, 72, 63, 33, 54, 29, 22, 26, 57, 8, 65, 62, 55, 13, 51, 16, 27, 73, 5, 41, 10, 48, 64, 19, 4, 68, 18, 71, 32, 69, 28, 74, 49, 50, 21, 37, 23, 58, 47, 44, 38, 34, 61, 12, 53, 67, 14, 3, 9, 46, 24, 1, 11, 52, 17]
6		553672.1201406503		[20, 60, 40, 31, 75, 25, 6, 35, 15, 45, 30, 36, 39, 0, 7, 2, 66, 43, 56, 59, 42, 70, 72, 63, 33, 54, 29, 22, 26, 57, 8, 65, 62, 55, 13, 51, 16, 27, 73, 5, 41, 10, 48, 64, 19, 4, 68, 18, 71, 32, 69, 28, 74, 49, 50, 21, 37, 23, 58, 47, 44, 38, 34, 61, 12, 53, 67, 14, 3, 9, 46, 24, 1, 11, 52, 17]
7		549488.9798683348		[31, 60, 40, 20, 75, 25, 6, 35, 15, 45, 30, 36, 39, 0, 7, 2, 66, 43, 56, 59, 42, 70, 72, 63, 33, 54, 29, 22, 26, 57, 8, 65, 62, 55, 13, 51, 16, 27, 73, 5, 41, 10, 48, 64, 19, 4, 68, 18, 71, 32, 69, 28, 74, 49, 50, 21, 37, 23, 58, 47, 44, 38, 34, 61, 12, 53, 67, 14, 3, 9, 46, 24, 1, 11, 52, 17]
8		546065.0294404326		[40, 60, 31, 20, 75, 25, 6, 35, 15, 45, 30, 36, 39, 0, 7, 2, 66, 43, 56, 59, 42, 70, 72, 63, 33, 54, 29, 22, 26, 57, 8, 65, 62, 55, 13, 51, 16, 27, 73, 5, 41, 10, 48, 64, 19, 4, 68, 18, 71, 32, 69, 28, 74, 49, 50, 21, 37, 23, 58, 47, 44, 38, 34, 61, 12, 53, 67, 14, 3, 9, 46, 24, 1, 11, 52, 17]
9		543944.6205191877		[60, 40, 31, 20, 75, 25, 6, 35, 15, 45, 30, 36, 39, 0, 7, 2, 66, 43, 56, 59, 42, 70, 72, 63, 33, 54, 29, 22, 26, 57, 8, 65, 62, 55, 13, 51, 16, 27, 73, 5, 41, 10, 48, 64, 19, 4, 68, 18, 71, 32, 69, 28, 74, 49, 50, 21, 37, 23, 58, 47, 44, 38, 34, 61, 12, 53, 67, 14, 3, 9, 46, 24, 1, 11, 52, 17]
10		542700.8519386207		[59, 40, 31, 20, 75, 25, 6, 35, 15, 45, 30, 36, 39, 0, 7, 2, 66, 43, 56, 60, 42, 70, 72, 63, 33, 54, 29, 22, 26, 57, 8, 65, 62, 55, 13, 51, 16, 27, 73, 5, 41, 10, 48, 64, 19, 4, 68, 18, 71, 32, 69, 28, 74, 49, 50, 21, 37, 23, 58, 47, 44, 38, 34, 61, 12, 53, 67, 14, 3, 9, 46, 24, 1, 11, 52, 17]
11		540804.7345580531		[42, 40, 31, 20, 75, 25, 6, 35, 15, 45, 30, 36, 39, 0, 7, 2, 66, 43, 56, 60, 59, 70, 72, 63, 33, 54, 29, 22, 26, 57, 8, 65, 62, 55, 13, 51, 16, 27, 73, 5, 41, 10, 48, 64, 19, 4, 68, 18, 71, 32, 69, 28, 74, 49, 50, 21, 37, 23, 58, 47, 44, 38, 34, 61, 12, 53, 67, 14, 3, 9, 46, 24, 1, 11, 52, 17]
12		539657.9797187074		[40, 42, 31, 20, 75, 25, 6, 35, 15, 45, 30, 36, 39, 0, 7, 2, 66, 43, 56, 60, 59, 70, 72, 63, 33, 54, 29, 22, 26, 57, 8, 65, 62, 55, 13, 51, 16, 27, 73, 5, 41, 10, 48, 64, 19, 4, 68, 18, 71, 32, 69, 28, 74, 49, 50, 21, 37, 23, 58, 47, 44, 38, 34, 61, 12, 53, 67, 14, 3, 9, 46, 24, 1, 11, 52, 17]
13		536167.4760616436		[45, 42, 31, 20, 75, 25, 6, 35, 15, 40, 30, 36, 39, 0, 7, 2, 66, 43, 56, 60, 59, 70, 72, 63, 33, 54, 29, 22, 26, 57, 8, 65, 62, 55, 13, 51, 16, 27, 73, 5, 41, 10, 48, 64, 19, 4, 68, 18, 71, 32, 69, 28, 74, 49, 50, 21, 37, 23, 58, 47, 44, 38, 34, 61, 12, 53, 67, 14, 3, 9, 46, 24, 1, 11, 52, 17]
14		533905.2142067376		[31, 42, 45, 20, 75, 25, 6, 35, 15, 40, 30, 36, 39, 0, 7, 2, 66, 43, 56, 60, 59, 70, 72, 63, 33, 54, 29, 22, 26, 57, 8, 65, 62, 55, 13, 51, 16, 27, 73, 5, 41, 10, 48, 64, 19, 4, 68, 18, 71, 32, 69, 28, 74, 49, 50, 21, 37, 23, 58, 47, 44, 38, 34, 61, 12, 53, 67, 14, 3, 9, 46, 24, 1, 11, 52, 17]
15		532453.6012281168		[6, 42, 45, 20, 75, 25, 31, 35, 15, 40, 30, 36, 39, 0, 7, 2, 66, 43, 56, 60, 59, 70, 72, 63, 33, 54, 29, 22, 26, 57, 8, 65, 62, 55, 13, 51, 16, 27, 73, 5, 41, 10, 48, 64, 19, 4, 68, 18, 71, 32, 69, 28, 74, 49, 50, 21, 37, 23, 58, 47, 44, 38, 34, 61, 12, 53, 67, 14, 3, 9, 46, 24, 1, 11, 52, 17]
16		530581.7161044328		[75, 42, 45, 20, 6, 25, 31, 35, 15, 40, 30, 36, 39, 0, 7, 2, 66, 43, 56, 60, 59, 70, 72, 63, 33, 54, 29, 22, 26, 57, 8, 65, 62, 55, 13, 51, 16, 27, 73, 5, 41, 10, 48, 64, 19, 4, 68, 18, 71, 32, 69, 28, 74, 49, 50, 21, 37, 23, 58, 47, 44, 38, 34, 61, 12, 53, 67, 14, 3, 9, 46, 24, 1, 11, 52, 17]
17		530452.9459302104		[25, 42, 45, 20, 6, 75, 31, 35, 15, 40, 30, 36, 39, 0, 7, 2, 66, 43, 56, 60, 59, 70, 72, 63, 33, 54, 29, 22, 26, 57, 8, 65, 62, 55, 13, 51, 16, 27, 73, 5, 41, 10, 48, 64, 19, 4, 68, 18, 71, 32, 69, 28, 74, 49, 50, 21, 37, 23, 58, 47, 44, 38, 34, 61, 12, 53, 67, 14, 3, 9, 46, 24, 1, 11, 52, 17]
18		529167.4803011434		[42, 25, 45, 20, 6, 75, 31, 35, 15, 40, 30, 36, 39, 0, 7, 2, 66, 43, 56, 60, 59, 70, 72, 63, 33, 54, 29, 22, 26, 57, 8, 65, 62, 55, 13, 51, 16, 27, 73, 5, 41, 10, 48, 64, 19, 4, 68, 18, 71, 32, 69, 28, 74, 49, 50, 21, 37, 23, 58, 47, 44, 38, 34, 61, 12, 53, 67, 14, 3, 9, 46, 24, 1, 11, 52, 17]
19		528598.38990904		[75, 25, 45, 20, 6, 42, 31, 35, 15, 40, 30, 36, 39, 0, 7, 2, 66, 43, 56, 60, 59, 70, 72, 63, 33, 54, 29, 22, 26, 57, 8, 65, 62, 55, 13, 51, 16, 27, 73, 5, 41, 10, 48, 64, 19, 4, 68, 18, 71, 32, 69, 28, 74, 49, 50, 21, 37, 23, 58, 47, 44, 38, 34, 61, 12, 53, 67, 14, 3, 9, 46, 24, 1, 11, 52, 17]
20		524857.1971183529		[39, 25, 45, 20, 6, 42, 31, 35, 15, 40, 30, 36, 75, 0, 7, 2, 66, 43, 56, 60, 59, 70, 72, 63, 33, 54, 29, 22, 26, 57, 8, 65, 62, 55, 13, 51, 16, 27, 73, 5, 41, 10, 48, 64, 19, 4, 68, 18, 71, 32, 69, 28, 74, 49, 50, 21, 37, 23, 58, 47, 44, 38, 34, 61, 12, 53, 67, 14, 3, 9, 46, 24, 1, 11, 52, 17]
21		524815.7557745578		[6, 25, 45, 20, 39, 42, 31, 35, 15, 40, 30, 36, 75, 0, 7, 2, 66, 43, 56, 60, 59, 70, 72, 63, 33, 54, 29, 22, 26, 57, 8, 65, 62, 55, 13, 51, 16, 27, 73, 5, 41, 10, 48, 64, 19, 4, 68, 18, 71, 32, 69, 28, 74, 49, 50, 21, 37, 23, 58, 47, 44, 38, 34, 61, 12, 53, 67, 14, 3, 9, 46, 24, 1, 11, 52, 17]
22		521667.12923750555		[40, 25, 45, 20, 39, 42, 31, 35, 15, 6, 30, 36, 75, 0, 7, 2, 66, 43, 56, 60, 59, 70, 72, 63, 33, 54, 29, 22, 26, 57, 8, 65, 62, 55, 13, 51, 16, 27, 73, 5, 41, 10, 48, 64, 19, 4, 68, 18, 71, 32, 69, 28, 74, 49, 50, 21, 37, 23, 58, 47, 44, 38, 34, 61, 12, 53, 67, 14, 3, 9, 46, 24, 1, 11, 52, 17]
23		517455.10926702287		[20, 25, 45, 40, 39, 42, 31, 35, 15, 6, 30, 36, 75, 0, 7, 2, 66, 43, 56, 60, 59, 70, 72, 63, 33, 54, 29, 22, 26, 57, 8, 65, 62, 55, 13, 51, 16, 27, 73, 5, 41, 10, 48, 64, 19, 4, 68, 18, 71, 32, 69, 28, 74, 49, 50, 21, 37, 23, 58, 47, 44, 38, 34, 61, 12, 53, 67, 14, 3, 9, 46, 24, 1, 11, 52, 17]
24		516564.99586592807		[25, 20, 45, 40, 39, 42, 31, 35, 15, 6, 30, 36, 75, 0, 7, 2, 66, 43, 56, 60, 59, 70, 72, 63, 33, 54, 29, 22, 26, 57, 8, 65, 62, 55, 13, 51, 16, 27, 73, 5, 41, 10, 48, 64, 19, 4, 68, 18, 71, 32, 69, 28, 74, 49, 50, 21, 37, 23, 58, 47, 44, 38, 34, 61, 12, 53, 67, 14, 3, 9, 46, 24, 1, 11, 52, 17]
25		512837.67728246615		[45, 20, 25, 40, 39, 42, 31, 35, 15, 6, 30, 36, 75, 0, 7, 2, 66, 43, 56, 60, 59, 70, 72, 63, 33, 54, 29, 22, 26, 57, 8, 65, 62, 55, 13, 51, 16, 27, 73, 5, 41, 10, 48, 64, 19, 4, 68, 18, 71, 32, 69, 28, 74, 49, 50, 21, 37, 23, 58, 47, 44, 38, 34, 61, 12, 53, 67, 14, 3, 9, 46, 24, 1, 11, 52, 17]
26		511323.3150619211		[66, 20, 25, 40, 39, 42, 31, 35, 15, 6, 30, 36, 75, 0, 7, 2, 45, 43, 56, 60, 59, 70, 72, 63, 33, 54, 29, 22, 26, 57, 8, 65, 62, 55, 13, 51, 16, 27, 73, 5, 41, 10, 48, 64, 19, 4, 68, 18, 71, 32, 69, 28, 74, 49, 50, 21, 37, 23, 58, 47, 44, 38, 34, 61, 12, 53, 67, 14, 3, 9, 46, 24, 1, 11, 52, 17]
27		510434.97069958836		[43, 20, 25, 40, 39, 42, 31, 35, 15, 6, 30, 36, 75, 0, 7, 2, 45, 66, 56, 60, 59, 70, 72, 63, 33, 54, 29, 22, 26, 57, 8, 65, 62, 55, 13, 51, 16, 27, 73, 5, 41, 10, 48, 64, 19, 4, 68, 18, 71, 32, 69, 28, 74, 49, 50, 21, 37, 23, 58, 47, 44, 38, 34, 61, 12, 53, 67, 14, 3, 9, 46, 24, 1, 11, 52, 17]
28		507787.022586699		[45, 20, 25, 40, 39, 42, 31, 35, 15, 6, 30, 36, 75, 0, 7, 2, 43, 66, 56, 60, 59, 70, 72, 63, 33, 54, 29, 22, 26, 57, 8, 65, 62, 55, 13, 51, 16, 27, 73, 5, 41, 10, 48, 64, 19, 4, 68, 18, 71, 32, 69, 28, 74, 49, 50, 21, 37, 23, 58, 47, 44, 38, 34, 61, 12, 53, 67, 14, 3, 9, 46, 24, 1, 11, 52, 17]
29		504395.75727652345		[22, 20, 25, 40, 39, 42, 31, 35, 15, 6, 30, 36, 75, 0, 7, 2, 43, 66, 56, 60, 59, 70, 72, 63, 33, 54, 29, 45, 26, 57, 8, 65, 62, 55, 13, 51, 16, 27, 73, 5, 41, 10, 48, 64, 19, 4, 68, 18, 71, 32, 69, 28, 74, 49, 50, 21, 37, 23, 58, 47, 44, 38, 34, 61, 12, 53, 67, 14, 3, 9, 46, 24, 1, 11, 52, 17]
30		500832.546061336		[68, 20, 25, 40, 39, 42, 31, 35, 15, 6, 30, 36, 75, 0, 7, 2, 43, 66, 56, 60, 59, 70, 72, 63, 33, 54, 29, 45, 26, 57, 8, 65, 62, 55, 13, 51, 16, 27, 73, 5, 41, 10, 48, 64, 19, 4, 22, 18, 71, 32, 69, 28, 74, 49, 50, 21, 37, 23, 58, 47, 44, 38, 34, 61, 12, 53, 67, 14, 3, 9, 46, 24, 1, 11, 52, 17]
31		498858.58991565095		[43, 20, 25, 40, 39, 42, 31, 35, 15, 6, 30, 36, 75, 0, 7, 2, 68, 66, 56, 60, 59, 70, 72, 63, 33, 54, 29, 45, 26, 57, 8, 65, 62, 55, 13, 51, 16, 27, 73, 5, 41, 10, 48, 64, 19, 4, 22, 18, 71, 32, 69, 28, 74, 49, 50, 21, 37, 23, 58, 47, 44, 38, 34, 61, 12, 53, 67, 14, 3, 9, 46, 24, 1, 11, 52, 17]
32		497577.35941116395		[2, 20, 25, 40, 39, 42, 31, 35, 15, 6, 30, 36, 75, 0, 7, 43, 68, 66, 56, 60, 59, 70, 72, 63, 33, 54, 29, 45, 26, 57, 8, 65, 62, 55, 13, 51, 16, 27, 73, 5, 41, 10, 48, 64, 19, 4, 22, 18, 71, 32, 69, 28, 74, 49, 50, 21, 37, 23, 58, 47, 44, 38, 34, 61, 12, 53, 67, 14, 3, 9, 46, 24, 1, 11, 52, 17]
33		495443.24757011665		[36, 20, 25, 40, 39, 42, 31, 35, 15, 6, 30, 2, 75, 0, 7, 43, 68, 66, 56, 60, 59, 70, 72, 63, 33, 54, 29, 45, 26, 57, 8, 65, 62, 55, 13, 51, 16, 27, 73, 5, 41, 10, 48, 64, 19, 4, 22, 18, 71, 32, 69, 28, 74, 49, 50, 21, 37, 23, 58, 47, 44, 38, 34, 61, 12, 53, 67, 14, 3, 9, 46, 24, 1, 11, 52, 17]
34		493829.4708286172		[25, 20, 36, 40, 39, 42, 31, 35, 15, 6, 30, 2, 75, 0, 7, 43, 68, 66, 56, 60, 59, 70, 72, 63, 33, 54, 29, 45, 26, 57, 8, 65, 62, 55, 13, 51, 16, 27, 73, 5, 41, 10, 48, 64, 19, 4, 22, 18, 71, 32, 69, 28, 74, 49, 50, 21, 37, 23, 58, 47, 44, 38, 34, 61, 12, 53, 67, 14, 3, 9, 46, 24, 1, 11, 52, 17]
35		491600.3132736133		[20, 25, 36, 40, 39, 42, 31, 35, 15, 6, 30, 2, 75, 0, 7, 43, 68, 66, 56, 60, 59, 70, 72, 63, 33, 54, 29, 45, 26, 57, 8, 65, 62, 55, 13, 51, 16, 27, 73, 5, 41, 10, 48, 64, 19, 4, 22, 18, 71, 32, 69, 28, 74, 49, 50, 21, 37, 23, 58, 47, 44, 38, 34, 61, 12, 53, 67, 14, 3, 9, 46, 24, 1, 11, 52, 17]
36		491554.21643968404		[30, 25, 36, 40, 39, 42, 31, 35, 15, 6, 20, 2, 75, 0, 7, 43, 68, 66, 56, 60, 59, 70, 72, 63, 33, 54, 29, 45, 26, 57, 8, 65, 62, 55, 13, 51, 16, 27, 73, 5, 41, 10, 48, 64, 19, 4, 22, 18, 71, 32, 69, 28, 74, 49, 50, 21, 37, 23, 58, 47, 44, 38, 34, 61, 12, 53, 67, 14, 3, 9, 46, 24, 1, 11, 52, 17]
37		489813.6282361899		[25, 30, 36, 40, 39, 42, 31, 35, 15, 6, 20, 2, 75, 0, 7, 43, 68, 66, 56, 60, 59, 70, 72, 63, 33, 54, 29, 45, 26, 57, 8, 65, 62, 55, 13, 51, 16, 27, 73, 5, 41, 10, 48, 64, 19, 4, 22, 18, 71, 32, 69, 28, 74, 49, 50, 21, 37, 23, 58, 47, 44, 38, 34, 61, 12, 53, 67, 14, 3, 9, 46, 24, 1, 11, 52, 17]
38		487976.3783342068		[7, 30, 36, 40, 39, 42, 31, 35, 15, 6, 20, 2, 75, 0, 25, 43, 68, 66, 56, 60, 59, 70, 72, 63, 33, 54, 29, 45, 26, 57, 8, 65, 62, 55, 13, 51, 16, 27, 73, 5, 41, 10, 48, 64, 19, 4, 22, 18, 71, 32, 69, 28, 74, 49, 50, 21, 37, 23, 58, 47, 44, 38, 34, 61, 12, 53, 67, 14, 3, 9, 46, 24, 1, 11, 52, 17]
39		487080.2712534489		[15, 30, 36, 40, 39, 42, 31, 35, 7, 6, 20, 2, 75, 0, 25, 43, 68, 66, 56, 60, 59, 70, 72, 63, 33, 54, 29, 45, 26, 57, 8, 65, 62, 55, 13, 51, 16, 27, 73, 5, 41, 10, 48, 64, 19, 4, 22, 18, 71, 32, 69, 28, 74, 49, 50, 21, 37, 23, 58, 47, 44, 38, 34, 61, 12, 53, 67, 14, 3, 9, 46, 24, 1, 11, 52, 17]
40		485928.30971469707		[30, 15, 36, 40, 39, 42, 31, 35, 7, 6, 20, 2, 75, 0, 25, 43, 68, 66, 56, 60, 59, 70, 72, 63, 33, 54, 29, 45, 26, 57, 8, 65, 62, 55, 13, 51, 16, 27, 73, 5, 41, 10, 48, 64, 19, 4, 22, 18, 71, 32, 69, 28, 74, 49, 50, 21, 37, 23, 58, 47, 44, 38, 34, 61, 12, 53, 67, 14, 3, 9, 46, 24, 1, 11, 52, 17]
41		481779.91402300907		[35, 15, 36, 40, 39, 42, 31, 30, 7, 6, 20, 2, 75, 0, 25, 43, 68, 66, 56, 60, 59, 70, 72, 63, 33, 54, 29, 45, 26, 57, 8, 65, 62, 55, 13, 51, 16, 27, 73, 5, 41, 10, 48, 64, 19, 4, 22, 18, 71, 32, 69, 28, 74, 49, 50, 21, 37, 23, 58, 47, 44, 38, 34, 61, 12, 53, 67, 14, 3, 9, 46, 24, 1, 11, 52, 17]
42		479753.8908872064		[15, 35, 36, 40, 39, 42, 31, 30, 7, 6, 20, 2, 75, 0, 25, 43, 68, 66, 56, 60, 59, 70, 72, 63, 33, 54, 29, 45, 26, 57, 8, 65, 62, 55, 13, 51, 16, 27, 73, 5, 41, 10, 48, 64, 19, 4, 22, 18, 71, 32, 69, 28, 74, 49, 50, 21, 37, 23, 58, 47, 44, 38, 34, 61, 12, 53, 67, 14, 3, 9, 46, 24, 1, 11, 52, 17]
43		478028.4312748911		[57, 35, 36, 40, 39, 42, 31, 30, 7, 6, 20, 2, 75, 0, 25, 43, 68, 66, 56, 60, 59, 70, 72, 63, 33, 54, 29, 45, 26, 15, 8, 65, 62, 55, 13, 51, 16, 27, 73, 5, 41, 10, 48, 64, 19, 4, 22, 18, 71, 32, 69, 28, 74, 49, 50, 21, 37, 23, 58, 47, 44, 38, 34, 61, 12, 53, 67, 14, 3, 9, 46, 24, 1, 11, 52, 17]
44		475968.00319469185		[36, 35, 57, 40, 39, 42, 31, 30, 7, 6, 20, 2, 75, 0, 25, 43, 68, 66, 56, 60, 59, 70, 72, 63, 33, 54, 29, 45, 26, 15, 8, 65, 62, 55, 13, 51, 16, 27, 73, 5, 41, 10, 48, 64, 19, 4, 22, 18, 71, 32, 69, 28, 74, 49, 50, 21, 37, 23, 58, 47, 44, 38, 34, 61, 12, 53, 67, 14, 3, 9, 46, 24, 1, 11, 52, 17]
45		471812.354328733		[13, 35, 57, 40, 39, 42, 31, 30, 7, 6, 20, 2, 75, 0, 25, 43, 68, 66, 56, 60, 59, 70, 72, 63, 33, 54, 29, 45, 26, 15, 8, 65, 62, 55, 36, 51, 16, 27, 73, 5, 41, 10, 48, 64, 19, 4, 22, 18, 71, 32, 69, 28, 74, 49, 50, 21, 37, 23, 58, 47, 44, 38, 34, 61, 12, 53, 67, 14, 3, 9, 46, 24, 1, 11, 52, 17]
46		470508.540738948		[15, 35, 57, 40, 39, 42, 31, 30, 7, 6, 20, 2, 75, 0, 25, 43, 68, 66, 56, 60, 59, 70, 72, 63, 33, 54, 29, 45, 26, 13, 8, 65, 62, 55, 36, 51, 16, 27, 73, 5, 41, 10, 48, 64, 19, 4, 22, 18, 71, 32, 69, 28, 74, 49, 50, 21, 37, 23, 58, 47, 44, 38, 34, 61, 12, 53, 67, 14, 3, 9, 46, 24, 1, 11, 52, 17]
47		462774.6337532927		[51, 35, 57, 40, 39, 42, 31, 30, 7, 6, 20, 2, 75, 0, 25, 43, 68, 66, 56, 60, 59, 70, 72, 63, 33, 54, 29, 45, 26, 13, 8, 65, 62, 55, 36, 15, 16, 27, 73, 5, 41, 10, 48, 64, 19, 4, 22, 18, 71, 32, 69, 28, 74, 49, 50, 21, 37, 23, 58, 47, 44, 38, 34, 61, 12, 53, 67, 14, 3, 9, 46, 24, 1, 11, 52, 17]
48		460033.2660731369		[35, 51, 57, 40, 39, 42, 31, 30, 7, 6, 20, 2, 75, 0, 25, 43, 68, 66, 56, 60, 59, 70, 72, 63, 33, 54, 29, 45, 26, 13, 8, 65, 62, 55, 36, 15, 16, 27, 73, 5, 41, 10, 48, 64, 19, 4, 22, 18, 71, 32, 69, 28, 74, 49, 50, 21, 37, 23, 58, 47, 44, 38, 34, 61, 12, 53, 67, 14, 3, 9, 46, 24, 1, 11, 52, 17]
49		455218.48926063103		[42, 51, 57, 40, 39, 35, 31, 30, 7, 6, 20, 2, 75, 0, 25, 43, 68, 66, 56, 60, 59, 70, 72, 63, 33, 54, 29, 45, 26, 13, 8, 65, 62, 55, 36, 15, 16, 27, 73, 5, 41, 10, 48, 64, 19, 4, 22, 18, 71, 32, 69, 28, 74, 49, 50, 21, 37, 23, 58, 47, 44, 38, 34, 61, 12, 53, 67, 14, 3, 9, 46, 24, 1, 11, 52, 17]
50		450107.0831049696		[54, 51, 57, 40, 39, 35, 31, 30, 7, 6, 20, 2, 75, 0, 25, 43, 68, 66, 56, 60, 59, 70, 72, 63, 33, 42, 29, 45, 26, 13, 8, 65, 62, 55, 36, 15, 16, 27, 73, 5, 41, 10, 48, 64, 19, 4, 22, 18, 71, 32, 69, 28, 74, 49, 50, 21, 37, 23, 58, 47, 44, 38, 34, 61, 12, 53, 67, 14, 3, 9, 46, 24, 1, 11, 52, 17]
51		448772.52962293016		[51, 54, 57, 40, 39, 35, 31, 30, 7, 6, 20, 2, 75, 0, 25, 43, 68, 66, 56, 60, 59, 70, 72, 63, 33, 42, 29, 45, 26, 13, 8, 65, 62, 55, 36, 15, 16, 27, 73, 5, 41, 10, 48, 64, 19, 4, 22, 18, 71, 32, 69, 28, 74, 49, 50, 21, 37, 23, 58, 47, 44, 38, 34, 61, 12, 53, 67, 14, 3, 9, 46, 24, 1, 11, 52, 17]
52		448142.4388990726		[65, 54, 57, 40, 39, 35, 31, 30, 7, 6, 20, 2, 75, 0, 25, 43, 68, 66, 56, 60, 59, 70, 72, 63, 33, 42, 29, 45, 26, 13, 8, 51, 62, 55, 36, 15, 16, 27, 73, 5, 41, 10, 48, 64, 19, 4, 22, 18, 71, 32, 69, 28, 74, 49, 50, 21, 37, 23, 58, 47, 44, 38, 34, 61, 12, 53, 67, 14, 3, 9, 46, 24, 1, 11, 52, 17]
53		447522.1060617165		[56, 54, 57, 40, 39, 35, 31, 30, 7, 6, 20, 2, 75, 0, 25, 43, 68, 66, 65, 60, 59, 70, 72, 63, 33, 42, 29, 45, 26, 13, 8, 51, 62, 55, 36, 15, 16, 27, 73, 5, 41, 10, 48, 64, 19, 4, 22, 18, 71, 32, 69, 28, 74, 49, 50, 21, 37, 23, 58, 47, 44, 38, 34, 61, 12, 53, 67, 14, 3, 9, 46, 24, 1, 11, 52, 17]
54		447024.65982149146		[54, 56, 57, 40, 39, 35, 31, 30, 7, 6, 20, 2, 75, 0, 25, 43, 68, 66, 65, 60, 59, 70, 72, 63, 33, 42, 29, 45, 26, 13, 8, 51, 62, 55, 36, 15, 16, 27, 73, 5, 41, 10, 48, 64, 19, 4, 22, 18, 71, 32, 69, 28, 74, 49, 50, 21, 37, 23, 58, 47, 44, 38, 34, 61, 12, 53, 67, 14, 3, 9, 46, 24, 1, 11, 52, 17]
55		445612.89942068374		[60, 56, 57, 40, 39, 35, 31, 30, 7, 6, 20, 2, 75, 0, 25, 43, 68, 66, 65, 54, 59, 70, 72, 63, 33, 42, 29, 45, 26, 13, 8, 51, 62, 55, 36, 15, 16, 27, 73, 5, 41, 10, 48, 64, 19, 4, 22, 18, 71, 32, 69, 28, 74, 49, 50, 21, 37, 23, 58, 47, 44, 38, 34, 61, 12, 53, 67, 14, 3, 9, 46, 24, 1, 11, 52, 17]
56		445247.74765922816		[59, 56, 57, 40, 39, 35, 31, 30, 7, 6, 20, 2, 75, 0, 25, 43, 68, 66, 65, 54, 60, 70, 72, 63, 33, 42, 29, 45, 26, 13, 8, 51, 62, 55, 36, 15, 16, 27, 73, 5, 41, 10, 48, 64, 19, 4, 22, 18, 71, 32, 69, 28, 74, 49, 50, 21, 37, 23, 58, 47, 44, 38, 34, 61, 12, 53, 67, 14, 3, 9, 46, 24, 1, 11, 52, 17]
57		443658.17573942733		[57, 56, 59, 40, 39, 35, 31, 30, 7, 6, 20, 2, 75, 0, 25, 43, 68, 66, 65, 54, 60, 70, 72, 63, 33, 42, 29, 45, 26, 13, 8, 51, 62, 55, 36, 15, 16, 27, 73, 5, 41, 10, 48, 64, 19, 4, 22, 18, 71, 32, 69, 28, 74, 49, 50, 21, 37, 23, 58, 47, 44, 38, 34, 61, 12, 53, 67, 14, 3, 9, 46, 24, 1, 11, 52, 17]
58		442649.2326032094		[56, 57, 59, 40, 39, 35, 31, 30, 7, 6, 20, 2, 75, 0, 25, 43, 68, 66, 65, 54, 60, 70, 72, 63, 33, 42, 29, 45, 26, 13, 8, 51, 62, 55, 36, 15, 16, 27, 73, 5, 41, 10, 48, 64, 19, 4, 22, 18, 71, 32, 69, 28, 74, 49, 50, 21, 37, 23, 58, 47, 44, 38, 34, 61, 12, 53, 67, 14, 3, 9, 46, 24, 1, 11, 52, 17]
59		442597.2135771189		[54, 57, 59, 40, 39, 35, 31, 30, 7, 6, 20, 2, 75, 0, 25, 43, 68, 66, 65, 56, 60, 70, 72, 63, 33, 42, 29, 45, 26, 13, 8, 51, 62, 55, 36, 15, 16, 27, 73, 5, 41, 10, 48, 64, 19, 4, 22, 18, 71, 32, 69, 28, 74, 49, 50, 21, 37, 23, 58, 47, 44, 38, 34, 61, 12, 53, 67, 14, 3, 9, 46, 24, 1, 11, 52, 17]
60		442570.9912422079		[60, 57, 59, 40, 39, 35, 31, 30, 7, 6, 20, 2, 75, 0, 25, 43, 68, 66, 65, 56, 54, 70, 72, 63, 33, 42, 29, 45, 26, 13, 8, 51, 62, 55, 36, 15, 16, 27, 73, 5, 41, 10, 48, 64, 19, 4, 22, 18, 71, 32, 69, 28, 74, 49, 50, 21, 37, 23, 58, 47, 44, 38, 34, 61, 12, 53, 67, 14, 3, 9, 46, 24, 1, 11, 52, 17]
61		442389.82355644216		[51, 57, 59, 40, 39, 35, 31, 30, 7, 6, 20, 2, 75, 0, 25, 43, 68, 66, 65, 56, 54, 70, 72, 63, 33, 42, 29, 45, 26, 13, 8, 60, 62, 55, 36, 15, 16, 27, 73, 5, 41, 10, 48, 64, 19, 4, 22, 18, 71, 32, 69, 28, 74, 49, 50, 21, 37, 23, 58, 47, 44, 38, 34, 61, 12, 53, 67, 14, 3, 9, 46, 24, 1, 11, 52, 17]
62		438968.04060892056		[56, 57, 59, 40, 39, 35, 31, 30, 7, 6, 20, 2, 75, 0, 25, 43, 68, 66, 65, 51, 54, 70, 72, 63, 33, 42, 29, 45, 26, 13, 8, 60, 62, 55, 36, 15, 16, 27, 73, 5, 41, 10, 48, 64, 19, 4, 22, 18, 71, 32, 69, 28, 74, 49, 50, 21, 37, 23, 58, 47, 44, 38, 34, 61, 12, 53, 67, 14, 3, 9, 46, 24, 1, 11, 52, 17]
63		438457.1240864674		[33, 57, 59, 40, 39, 35, 31, 30, 7, 6, 20, 2, 75, 0, 25, 43, 68, 66, 65, 51, 54, 70, 72, 63, 56, 42, 29, 45, 26, 13, 8, 60, 62, 55, 36, 15, 16, 27, 73, 5, 41, 10, 48, 64, 19, 4, 22, 18, 71, 32, 69, 28, 74, 49, 50, 21, 37, 23, 58, 47, 44, 38, 34, 61, 12, 53, 67, 14, 3, 9, 46, 24, 1, 11, 52, 17]
64		437863.4297874152		[39, 57, 59, 40, 33, 35, 31, 30, 7, 6, 20, 2, 75, 0, 25, 43, 68, 66, 65, 51, 54, 70, 72, 63, 56, 42, 29, 45, 26, 13, 8, 60, 62, 55, 36, 15, 16, 27, 73, 5, 41, 10, 48, 64, 19, 4, 22, 18, 71, 32, 69, 28, 74, 49, 50, 21, 37, 23, 58, 47, 44, 38, 34, 61, 12, 53, 67, 14, 3, 9, 46, 24, 1, 11, 52, 17]
65		437416.2455853445		[57, 39, 59, 40, 33, 35, 31, 30, 7, 6, 20, 2, 75, 0, 25, 43, 68, 66, 65, 51, 54, 70, 72, 63, 56, 42, 29, 45, 26, 13, 8, 60, 62, 55, 36, 15, 16, 27, 73, 5, 41, 10, 48, 64, 19, 4, 22, 18, 71, 32, 69, 28, 74, 49, 50, 21, 37, 23, 58, 47, 44, 38, 34, 61, 12, 53, 67, 14, 3, 9, 46, 24, 1, 11, 52, 17]
66		437206.019951635		[60, 39, 59, 40, 33, 35, 31, 30, 7, 6, 20, 2, 75, 0, 25, 43, 68, 66, 65, 51, 54, 70, 72, 63, 56, 42, 29, 45, 26, 13, 8, 57, 62, 55, 36, 15, 16, 27, 73, 5, 41, 10, 48, 64, 19, 4, 22, 18, 71, 32, 69, 28, 74, 49, 50, 21, 37, 23, 58, 47, 44, 38, 34, 61, 12, 53, 67, 14, 3, 9, 46, 24, 1, 11, 52, 17]
67		436869.35347795434		[55, 39, 59, 40, 33, 35, 31, 30, 7, 6, 20, 2, 75, 0, 25, 43, 68, 66, 65, 51, 54, 70, 72, 63, 56, 42, 29, 45, 26, 13, 8, 57, 62, 60, 36, 15, 16, 27, 73, 5, 41, 10, 48, 64, 19, 4, 22, 18, 71, 32, 69, 28, 74, 49, 50, 21, 37, 23, 58, 47, 44, 38, 34, 61, 12, 53, 67, 14, 3, 9, 46, 24, 1, 11, 52, 17]
68		436296.53064390394		[51, 39, 59, 40, 33, 35, 31, 30, 7, 6, 20, 2, 75, 0, 25, 43, 68, 66, 65, 55, 54, 70, 72, 63, 56, 42, 29, 45, 26, 13, 8, 57, 62, 60, 36, 15, 16, 27, 73, 5, 41, 10, 48, 64, 19, 4, 22, 18, 71, 32, 69, 28, 74, 49, 50, 21, 37, 23, 58, 47, 44, 38, 34, 61, 12, 53, 67, 14, 3, 9, 46, 24, 1, 11, 52, 17]
69		436175.04959243356		[56, 39, 59, 40, 33, 35, 31, 30, 7, 6, 20, 2, 75, 0, 25, 43, 68, 66, 65, 55, 54, 70, 72, 63, 51, 42, 29, 45, 26, 13, 8, 57, 62, 60, 36, 15, 16, 27, 73, 5, 41, 10, 48, 64, 19, 4, 22, 18, 71, 32, 69, 28, 74, 49, 50, 21, 37, 23, 58, 47, 44, 38, 34, 61, 12, 53, 67, 14, 3, 9, 46, 24, 1, 11, 52, 17]
70		435842.51435227593		[54, 39, 59, 40, 33, 35, 31, 30, 7, 6, 20, 2, 75, 0, 25, 43, 68, 66, 65, 55, 56, 70, 72, 63, 51, 42, 29, 45, 26, 13, 8, 57, 62, 60, 36, 15, 16, 27, 73, 5, 41, 10, 48, 64, 19, 4, 22, 18, 71, 32, 69, 28, 74, 49, 50, 21, 37, 23, 58, 47, 44, 38, 34, 61, 12, 53, 67, 14, 3, 9, 46, 24, 1, 11, 52, 17]
71		435725.4511158744		[57, 39, 59, 40, 33, 35, 31, 30, 7, 6, 20, 2, 75, 0, 25, 43, 68, 66, 65, 55, 56, 70, 72, 63, 51, 42, 29, 45, 26, 13, 8, 54, 62, 60, 36, 15, 16, 27, 73, 5, 41, 10, 48, 64, 19, 4, 22, 18, 71, 32, 69, 28, 74, 49, 50, 21, 37, 23, 58, 47, 44, 38, 34, 61, 12, 53, 67, 14, 3, 9, 46, 24, 1, 11, 52, 17]
72		429950.82947731286		[10, 39, 59, 40, 33, 35, 31, 30, 7, 6, 20, 2, 75, 0, 25, 43, 68, 66, 65, 55, 56, 70, 72, 63, 51, 42, 29, 45, 26, 13, 8, 54, 62, 60, 36, 15, 16, 27, 73, 5, 41, 57, 48, 64, 19, 4, 22, 18, 71, 32, 69, 28, 74, 49, 50, 21, 37, 23, 58, 47, 44, 38, 34, 61, 12, 53, 67, 14, 3, 9, 46, 24, 1, 11, 52, 17]
73		428999.9154406789		[31, 39, 59, 40, 33, 35, 10, 30, 7, 6, 20, 2, 75, 0, 25, 43, 68, 66, 65, 55, 56, 70, 72, 63, 51, 42, 29, 45, 26, 13, 8, 54, 62, 60, 36, 15, 16, 27, 73, 5, 41, 57, 48, 64, 19, 4, 22, 18, 71, 32, 69, 28, 74, 49, 50, 21, 37, 23, 58, 47, 44, 38, 34, 61, 12, 53, 67, 14, 3, 9, 46, 24, 1, 11, 52, 17]
74		428898.19424628		[54, 39, 59, 40, 33, 35, 10, 30, 7, 6, 20, 2, 75, 0, 25, 43, 68, 66, 65, 55, 56, 70, 72, 63, 51, 42, 29, 45, 26, 13, 8, 31, 62, 60, 36, 15, 16, 27, 73, 5, 41, 57, 48, 64, 19, 4, 22, 18, 71, 32, 69, 28, 74, 49, 50, 21, 37, 23, 58, 47, 44, 38, 34, 61, 12, 53, 67, 14, 3, 9, 46, 24, 1, 11, 52, 17]
75		428715.3381082196		[62, 39, 59, 40, 33, 35, 10, 30, 7, 6, 20, 2, 75, 0, 25, 43, 68, 66, 65, 55, 56, 70, 72, 63, 51, 42, 29, 45, 26, 13, 8, 31, 54, 60, 36, 15, 16, 27, 73, 5, 41, 57, 48, 64, 19, 4, 22, 18, 71, 32, 69, 28, 74, 49, 50, 21, 37, 23, 58, 47, 44, 38, 34, 61, 12, 53, 67, 14, 3, 9, 46, 24, 1, 11, 52, 17]
76		427841.2071543889		[56, 39, 59, 40, 33, 35, 10, 30, 7, 6, 20, 2, 75, 0, 25, 43, 68, 66, 65, 55, 62, 70, 72, 63, 51, 42, 29, 45, 26, 13, 8, 31, 54, 60, 36, 15, 16, 27, 73, 5, 41, 57, 48, 64, 19, 4, 22, 18, 71, 32, 69, 28, 74, 49, 50, 21, 37, 23, 58, 47, 44, 38, 34, 61, 12, 53, 67, 14, 3, 9, 46, 24, 1, 11, 52, 17]
77		427482.917581341		[54, 39, 59, 40, 33, 35, 10, 30, 7, 6, 20, 2, 75, 0, 25, 43, 68, 66, 65, 55, 62, 70, 72, 63, 51, 42, 29, 45, 26, 13, 8, 31, 56, 60, 36, 15, 16, 27, 73, 5, 41, 57, 48, 64, 19, 4, 22, 18, 71, 32, 69, 28, 74, 49, 50, 21, 37, 23, 58, 47, 44, 38, 34, 61, 12, 53, 67, 14, 3, 9, 46, 24, 1, 11, 52, 17]
78		427194.7712444499		[60, 39, 59, 40, 33, 35, 10, 30, 7, 6, 20, 2, 75, 0, 25, 43, 68, 66, 65, 55, 62, 70, 72, 63, 51, 42, 29, 45, 26, 13, 8, 31, 56, 54, 36, 15, 16, 27, 73, 5, 41, 57, 48, 64, 19, 4, 22, 18, 71, 32, 69, 28, 74, 49, 50, 21, 37, 23, 58, 47, 44, 38, 34, 61, 12, 53, 67, 14, 3, 9, 46, 24, 1, 11, 52, 17]
79		422500.415770292		[71, 39, 59, 40, 33, 35, 10, 30, 7, 6, 20, 2, 75, 0, 25, 43, 68, 66, 65, 55, 62, 70, 72, 63, 51, 42, 29, 45, 26, 13, 8, 31, 56, 54, 36, 15, 16, 27, 73, 5, 41, 57, 48, 64, 19, 4, 22, 18, 60, 32, 69, 28, 74, 49, 50, 21, 37, 23, 58, 47, 44, 38, 34, 61, 12, 53, 67, 14, 3, 9, 46, 24, 1, 11, 52, 17]
80		420272.99280492123		[62, 39, 59, 40, 33, 35, 10, 30, 7, 6, 20, 2, 75, 0, 25, 43, 68, 66, 65, 55, 71, 70, 72, 63, 51, 42, 29, 45, 26, 13, 8, 31, 56, 54, 36, 15, 16, 27, 73, 5, 41, 57, 48, 64, 19, 4, 22, 18, 60, 32, 69, 28, 74, 49, 50, 21, 37, 23, 58, 47, 44, 38, 34, 61, 12, 53, 67, 14, 3, 9, 46, 24, 1, 11, 52, 17]
81		419455.62241177785		[55, 39, 59, 40, 33, 35, 10, 30, 7, 6, 20, 2, 75, 0, 25, 43, 68, 66, 65, 62, 71, 70, 72, 63, 51, 42, 29, 45, 26, 13, 8, 31, 56, 54, 36, 15, 16, 27, 73, 5, 41, 57, 48, 64, 19, 4, 22, 18, 60, 32, 69, 28, 74, 49, 50, 21, 37, 23, 58, 47, 44, 38, 34, 61, 12, 53, 67, 14, 3, 9, 46, 24, 1, 11, 52, 17]
82		419343.8667318566		[51, 39, 59, 40, 33, 35, 10, 30, 7, 6, 20, 2, 75, 0, 25, 43, 68, 66, 65, 62, 71, 70, 72, 63, 55, 42, 29, 45, 26, 13, 8, 31, 56, 54, 36, 15, 16, 27, 73, 5, 41, 57, 48, 64, 19, 4, 22, 18, 60, 32, 69, 28, 74, 49, 50, 21, 37, 23, 58, 47, 44, 38, 34, 61, 12, 53, 67, 14, 3, 9, 46, 24, 1, 11, 52, 17]
83		419089.2496764996		[42, 39, 59, 40, 33, 35, 10, 30, 7, 6, 20, 2, 75, 0, 25, 43, 68, 66, 65, 62, 71, 70, 72, 63, 55, 51, 29, 45, 26, 13, 8, 31, 56, 54, 36, 15, 16, 27, 73, 5, 41, 57, 48, 64, 19, 4, 22, 18, 60, 32, 69, 28, 74, 49, 50, 21, 37, 23, 58, 47, 44, 38, 34, 61, 12, 53, 67, 14, 3, 9, 46, 24, 1, 11, 52, 17]
84		416952.77479969774		[29, 39, 59, 40, 33, 35, 10, 30, 7, 6, 20, 2, 75, 0, 25, 43, 68, 66, 65, 62, 71, 70, 72, 63, 55, 51, 42, 45, 26, 13, 8, 31, 56, 54, 36, 15, 16, 27, 73, 5, 41, 57, 48, 64, 19, 4, 22, 18, 60, 32, 69, 28, 74, 49, 50, 21, 37, 23, 58, 47, 44, 38, 34, 61, 12, 53, 67, 14, 3, 9, 46, 24, 1, 11, 52, 17]
85		415884.0434975738		[10, 39, 59, 40, 33, 35, 29, 30, 7, 6, 20, 2, 75, 0, 25, 43, 68, 66, 65, 62, 71, 70, 72, 63, 55, 51, 42, 45, 26, 13, 8, 31, 56, 54, 36, 15, 16, 27, 73, 5, 41, 57, 48, 64, 19, 4, 22, 18, 60, 32, 69, 28, 74, 49, 50, 21, 37, 23, 58, 47, 44, 38, 34, 61, 12, 53, 67, 14, 3, 9, 46, 24, 1, 11, 52, 17]
86		414598.68552970944		[26, 39, 59, 40, 33, 35, 29, 30, 7, 6, 20, 2, 75, 0, 25, 43, 68, 66, 65, 62, 71, 70, 72, 63, 55, 51, 42, 45, 10, 13, 8, 31, 56, 54, 36, 15, 16, 27, 73, 5, 41, 57, 48, 64, 19, 4, 22, 18, 60, 32, 69, 28, 74, 49, 50, 21, 37, 23, 58, 47, 44, 38, 34, 61, 12, 53, 67, 14, 3, 9, 46, 24, 1, 11, 52, 17]
87		412923.41411648307		[35, 39, 59, 40, 33, 26, 29, 30, 7, 6, 20, 2, 75, 0, 25, 43, 68, 66, 65, 62, 71, 70, 72, 63, 55, 51, 42, 45, 10, 13, 8, 31, 56, 54, 36, 15, 16, 27, 73, 5, 41, 57, 48, 64, 19, 4, 22, 18, 60, 32, 69, 28, 74, 49, 50, 21, 37, 23, 58, 47, 44, 38, 34, 61, 12, 53, 67, 14, 3, 9, 46, 24, 1, 11, 52, 17]
88		411820.5379354688		[45, 39, 59, 40, 33, 26, 29, 30, 7, 6, 20, 2, 75, 0, 25, 43, 68, 66, 65, 62, 71, 70, 72, 63, 55, 51, 42, 35, 10, 13, 8, 31, 56, 54, 36, 15, 16, 27, 73, 5, 41, 57, 48, 64, 19, 4, 22, 18, 60, 32, 69, 28, 74, 49, 50, 21, 37, 23, 58, 47, 44, 38, 34, 61, 12, 53, 67, 14, 3, 9, 46, 24, 1, 11, 52, 17]
89		411286.15607229806		[33, 39, 59, 40, 45, 26, 29, 30, 7, 6, 20, 2, 75, 0, 25, 43, 68, 66, 65, 62, 71, 70, 72, 63, 55, 51, 42, 35, 10, 13, 8, 31, 56, 54, 36, 15, 16, 27, 73, 5, 41, 57, 48, 64, 19, 4, 22, 18, 60, 32, 69, 28, 74, 49, 50, 21, 37, 23, 58, 47, 44, 38, 34, 61, 12, 53, 67, 14, 3, 9, 46, 24, 1, 11, 52, 17]
90		405353.1465152325		[60, 39, 59, 40, 45, 26, 29, 30, 7, 6, 20, 2, 75, 0, 25, 43, 68, 66, 65, 62, 71, 70, 72, 63, 55, 51, 42, 35, 10, 13, 8, 31, 56, 54, 36, 15, 16, 27, 73, 5, 41, 57, 48, 64, 19, 4, 22, 18, 33, 32, 69, 28, 74, 49, 50, 21, 37, 23, 58, 47, 44, 38, 34, 61, 12, 53, 67, 14, 3, 9, 46, 24, 1, 11, 52, 17]
91		402766.3818952497		[69, 39, 59, 40, 45, 26, 29, 30, 7, 6, 20, 2, 75, 0, 25, 43, 68, 66, 65, 62, 71, 70, 72, 63, 55, 51, 42, 35, 10, 13, 8, 31, 56, 54, 36, 15, 16, 27, 73, 5, 41, 57, 48, 64, 19, 4, 22, 18, 33, 32, 60, 28, 74, 49, 50, 21, 37, 23, 58, 47, 44, 38, 34, 61, 12, 53, 67, 14, 3, 9, 46, 24, 1, 11, 52, 17]
92		402409.98768076324		[40, 39, 59, 69, 45, 26, 29, 30, 7, 6, 20, 2, 75, 0, 25, 43, 68, 66, 65, 62, 71, 70, 72, 63, 55, 51, 42, 35, 10, 13, 8, 31, 56, 54, 36, 15, 16, 27, 73, 5, 41, 57, 48, 64, 19, 4, 22, 18, 33, 32, 60, 28, 74, 49, 50, 21, 37, 23, 58, 47, 44, 38, 34, 61, 12, 53, 67, 14, 3, 9, 46, 24, 1, 11, 52, 17]
93		401750.64901851845		[39, 40, 59, 69, 45, 26, 29, 30, 7, 6, 20, 2, 75, 0, 25, 43, 68, 66, 65, 62, 71, 70, 72, 63, 55, 51, 42, 35, 10, 13, 8, 31, 56, 54, 36, 15, 16, 27, 73, 5, 41, 57, 48, 64, 19, 4, 22, 18, 33, 32, 60, 28, 74, 49, 50, 21, 37, 23, 58, 47, 44, 38, 34, 61, 12, 53, 67, 14, 3, 9, 46, 24, 1, 11, 52, 17]
94		401651.9423867257		[32, 40, 59, 69, 45, 26, 29, 30, 7, 6, 20, 2, 75, 0, 25, 43, 68, 66, 65, 62, 71, 70, 72, 63, 55, 51, 42, 35, 10, 13, 8, 31, 56, 54, 36, 15, 16, 27, 73, 5, 41, 57, 48, 64, 19, 4, 22, 18, 33, 39, 60, 28, 74, 49, 50, 21, 37, 23, 58, 47, 44, 38, 34, 61, 12, 53, 67, 14, 3, 9, 46, 24, 1, 11, 52, 17]
95		401521.9885855837		[59, 40, 32, 69, 45, 26, 29, 30, 7, 6, 20, 2, 75, 0, 25, 43, 68, 66, 65, 62, 71, 70, 72, 63, 55, 51, 42, 35, 10, 13, 8, 31, 56, 54, 36, 15, 16, 27, 73, 5, 41, 57, 48, 64, 19, 4, 22, 18, 33, 39, 60, 28, 74, 49, 50, 21, 37, 23, 58, 47, 44, 38, 34, 61, 12, 53, 67, 14, 3, 9, 46, 24, 1, 11, 52, 17]
96		399895.48735961167		[60, 40, 32, 69, 45, 26, 29, 30, 7, 6, 20, 2, 75, 0, 25, 43, 68, 66, 65, 62, 71, 70, 72, 63, 55, 51, 42, 35, 10, 13, 8, 31, 56, 54, 36, 15, 16, 27, 73, 5, 41, 57, 48, 64, 19, 4, 22, 18, 33, 39, 59, 28, 74, 49, 50, 21, 37, 23, 58, 47, 44, 38, 34, 61, 12, 53, 67, 14, 3, 9, 46, 24, 1, 11, 52, 17]
97		399790.99940061994		[32, 40, 60, 69, 45, 26, 29, 30, 7, 6, 20, 2, 75, 0, 25, 43, 68, 66, 65, 62, 71, 70, 72, 63, 55, 51, 42, 35, 10, 13, 8, 31, 56, 54, 36, 15, 16, 27, 73, 5, 41, 57, 48, 64, 19, 4, 22, 18, 33, 39, 59, 28, 74, 49, 50, 21, 37, 23, 58, 47, 44, 38, 34, 61, 12, 53, 67, 14, 3, 9, 46, 24, 1, 11, 52, 17]
98		399540.0084809892		[69, 40, 60, 32, 45, 26, 29, 30, 7, 6, 20, 2, 75, 0, 25, 43, 68, 66, 65, 62, 71, 70, 72, 63, 55, 51, 42, 35, 10, 13, 8, 31, 56, 54, 36, 15, 16, 27, 73, 5, 41, 57, 48, 64, 19, 4, 22, 18, 33, 39, 59, 28, 74, 49, 50, 21, 37, 23, 58, 47, 44, 38, 34, 61, 12, 53, 67, 14, 3, 9, 46, 24, 1, 11, 52, 17]
99		399490.540104406		[65, 40, 60, 32, 45, 26, 29, 30, 7, 6, 20, 2, 75, 0, 25, 43, 68, 66, 69, 62, 71, 70, 72, 63, 55, 51, 42, 35, 10, 13, 8, 31, 56, 54, 36, 15, 16, 27, 73, 5, 41, 57, 48, 64, 19, 4, 22, 18, 33, 39, 59, 28, 74, 49, 50, 21, 37, 23, 58, 47, 44, 38, 34, 61, 12, 53, 67, 14, 3, 9, 46, 24, 1, 11, 52, 17]
100		398018.24451830424		[32, 40, 60, 65, 45, 26, 29, 30, 7, 6, 20, 2, 75, 0, 25, 43, 68, 66, 69, 62, 71, 70, 72, 63, 55, 51, 42, 35, 10, 13, 8, 31, 56, 54, 36, 15, 16, 27, 73, 5, 41, 57, 48, 64, 19, 4, 22, 18, 33, 39, 59, 28, 74, 49, 50, 21, 37, 23, 58, 47, 44, 38, 34, 61, 12, 53, 67, 14, 3, 9, 46, 24, 1, 11, 52, 17]
101		397596.7470771723		[35, 40, 60, 65, 45, 26, 29, 30, 7, 6, 20, 2, 75, 0, 25, 43, 68, 66, 69, 62, 71, 70, 72, 63, 55, 51, 42, 32, 10, 13, 8, 31, 56, 54, 36, 15, 16, 27, 73, 5, 41, 57, 48, 64, 19, 4, 22, 18, 33, 39, 59, 28, 74, 49, 50, 21, 37, 23, 58, 47, 44, 38, 34, 61, 12, 53, 67, 14, 3, 9, 46, 24, 1, 11, 52, 17]
102		395846.52586474724		[54, 40, 60, 65, 45, 26, 29, 30, 7, 6, 20, 2, 75, 0, 25, 43, 68, 66, 69, 62, 71, 70, 72, 63, 55, 51, 42, 32, 10, 13, 8, 31, 56, 35, 36, 15, 16, 27, 73, 5, 41, 57, 48, 64, 19, 4, 22, 18, 33, 39, 59, 28, 74, 49, 50, 21, 37, 23, 58, 47, 44, 38, 34, 61, 12, 53, 67, 14, 3, 9, 46, 24, 1, 11, 52, 17]
103		393218.241432026		[60, 40, 54, 65, 45, 26, 29, 30, 7, 6, 20, 2, 75, 0, 25, 43, 68, 66, 69, 62, 71, 70, 72, 63, 55, 51, 42, 32, 10, 13, 8, 31, 56, 35, 36, 15, 16, 27, 73, 5, 41, 57, 48, 64, 19, 4, 22, 18, 33, 39, 59, 28, 74, 49, 50, 21, 37, 23, 58, 47, 44, 38, 34, 61, 12, 53, 67, 14, 3, 9, 46, 24, 1, 11, 52, 17]
104		393120.8940132665		[40, 60, 54, 65, 45, 26, 29, 30, 7, 6, 20, 2, 75, 0, 25, 43, 68, 66, 69, 62, 71, 70, 72, 63, 55, 51, 42, 32, 10, 13, 8, 31, 56, 35, 36, 15, 16, 27, 73, 5, 41, 57, 48, 64, 19, 4, 22, 18, 33, 39, 59, 28, 74, 49, 50, 21, 37, 23, 58, 47, 44, 38, 34, 61, 12, 53, 67, 14, 3, 9, 46, 24, 1, 11, 52, 17]
105		387324.09248848463		[56, 60, 54, 65, 45, 26, 29, 30, 7, 6, 20, 2, 75, 0, 25, 43, 68, 66, 69, 62, 71, 70, 72, 63, 55, 51, 42, 32, 10, 13, 8, 31, 40, 35, 36, 15, 16, 27, 73, 5, 41, 57, 48, 64, 19, 4, 22, 18, 33, 39, 59, 28, 74, 49, 50, 21, 37, 23, 58, 47, 44, 38, 34, 61, 12, 53, 67, 14, 3, 9, 46, 24, 1, 11, 52, 17]
106		385967.38004065875		[60, 56, 54, 65, 45, 26, 29, 30, 7, 6, 20, 2, 75, 0, 25, 43, 68, 66, 69, 62, 71, 70, 72, 63, 55, 51, 42, 32, 10, 13, 8, 31, 40, 35, 36, 15, 16, 27, 73, 5, 41, 57, 48, 64, 19, 4, 22, 18, 33, 39, 59, 28, 74, 49, 50, 21, 37, 23, 58, 47, 44, 38, 34, 61, 12, 53, 67, 14, 3, 9, 46, 24, 1, 11, 52, 17]
107		385504.45705681585		[21, 56, 54, 65, 45, 26, 29, 30, 7, 6, 20, 2, 75, 0, 25, 43, 68, 66, 69, 62, 71, 70, 72, 63, 55, 51, 42, 32, 10, 13, 8, 31, 40, 35, 36, 15, 16, 27, 73, 5, 41, 57, 48, 64, 19, 4, 22, 18, 33, 39, 59, 28, 74, 49, 50, 60, 37, 23, 58, 47, 44, 38, 34, 61, 12, 53, 67, 14, 3, 9, 46, 24, 1, 11, 52, 17]
108		380110.0169913291		[65, 56, 54, 21, 45, 26, 29, 30, 7, 6, 20, 2, 75, 0, 25, 43, 68, 66, 69, 62, 71, 70, 72, 63, 55, 51, 42, 32, 10, 13, 8, 31, 40, 35, 36, 15, 16, 27, 73, 5, 41, 57, 48, 64, 19, 4, 22, 18, 33, 39, 59, 28, 74, 49, 50, 60, 37, 23, 58, 47, 44, 38, 34, 61, 12, 53, 67, 14, 3, 9, 46, 24, 1, 11, 52, 17]
109		376962.1643536468		[62, 56, 54, 21, 45, 26, 29, 30, 7, 6, 20, 2, 75, 0, 25, 43, 68, 66, 69, 65, 71, 70, 72, 63, 55, 51, 42, 32, 10, 13, 8, 31, 40, 35, 36, 15, 16, 27, 73, 5, 41, 57, 48, 64, 19, 4, 22, 18, 33, 39, 59, 28, 74, 49, 50, 60, 37, 23, 58, 47, 44, 38, 34, 61, 12, 53, 67, 14, 3, 9, 46, 24, 1, 11, 52, 17]
110		376619.97424956824		[23, 56, 54, 21, 45, 26, 29, 30, 7, 6, 20, 2, 75, 0, 25, 43, 68, 66, 69, 65, 71, 70, 72, 63, 55, 51, 42, 32, 10, 13, 8, 31, 40, 35, 36, 15, 16, 27, 73, 5, 41, 57, 48, 64, 19, 4, 22, 18, 33, 39, 59, 28, 74, 49, 50, 60, 37, 62, 58, 47, 44, 38, 34, 61, 12, 53, 67, 14, 3, 9, 46, 24, 1, 11, 52, 17]
111		368582.1613534401		[54, 56, 23, 21, 45, 26, 29, 30, 7, 6, 20, 2, 75, 0, 25, 43, 68, 66, 69, 65, 71, 70, 72, 63, 55, 51, 42, 32, 10, 13, 8, 31, 40, 35, 36, 15, 16, 27, 73, 5, 41, 57, 48, 64, 19, 4, 22, 18, 33, 39, 59, 28, 74, 49, 50, 60, 37, 62, 58, 47, 44, 38, 34, 61, 12, 53, 67, 14, 3, 9, 46, 24, 1, 11, 52, 17]
112		366783.8600077989		[56, 54, 23, 21, 45, 26, 29, 30, 7, 6, 20, 2, 75, 0, 25, 43, 68, 66, 69, 65, 71, 70, 72, 63, 55, 51, 42, 32, 10, 13, 8, 31, 40, 35, 36, 15, 16, 27, 73, 5, 41, 57, 48, 64, 19, 4, 22, 18, 33, 39, 59, 28, 74, 49, 50, 60, 37, 62, 58, 47, 44, 38, 34, 61, 12, 53, 67, 14, 3, 9, 46, 24, 1, 11, 52, 17]
113		365944.40227131516		[55, 54, 23, 21, 45, 26, 29, 30, 7, 6, 20, 2, 75, 0, 25, 43, 68, 66, 69, 65, 71, 70, 72, 63, 56, 51, 42, 32, 10, 13, 8, 31, 40, 35, 36, 15, 16, 27, 73, 5, 41, 57, 48, 64, 19, 4, 22, 18, 33, 39, 59, 28, 74, 49, 50, 60, 37, 62, 58, 47, 44, 38, 34, 61, 12, 53, 67, 14, 3, 9, 46, 24, 1, 11, 52, 17]
114		365025.2291307152		[57, 54, 23, 21, 45, 26, 29, 30, 7, 6, 20, 2, 75, 0, 25, 43, 68, 66, 69, 65, 71, 70, 72, 63, 56, 51, 42, 32, 10, 13, 8, 31, 40, 35, 36, 15, 16, 27, 73, 5, 41, 55, 48, 64, 19, 4, 22, 18, 33, 39, 59, 28, 74, 49, 50, 60, 37, 62, 58, 47, 44, 38, 34, 61, 12, 53, 67, 14, 3, 9, 46, 24, 1, 11, 52, 17]
115		364181.1892870459		[51, 54, 23, 21, 45, 26, 29, 30, 7, 6, 20, 2, 75, 0, 25, 43, 68, 66, 69, 65, 71, 70, 72, 63, 56, 57, 42, 32, 10, 13, 8, 31, 40, 35, 36, 15, 16, 27, 73, 5, 41, 55, 48, 64, 19, 4, 22, 18, 33, 39, 59, 28, 74, 49, 50, 60, 37, 62, 58, 47, 44, 38, 34, 61, 12, 53, 67, 14, 3, 9, 46, 24, 1, 11, 52, 17]
116		363102.88912359346		[54, 51, 23, 21, 45, 26, 29, 30, 7, 6, 20, 2, 75, 0, 25, 43, 68, 66, 69, 65, 71, 70, 72, 63, 56, 57, 42, 32, 10, 13, 8, 31, 40, 35, 36, 15, 16, 27, 73, 5, 41, 55, 48, 64, 19, 4, 22, 18, 33, 39, 59, 28, 74, 49, 50, 60, 37, 62, 58, 47, 44, 38, 34, 61, 12, 53, 67, 14, 3, 9, 46, 24, 1, 11, 52, 17]
117		362644.43995023274		[55, 51, 23, 21, 45, 26, 29, 30, 7, 6, 20, 2, 75, 0, 25, 43, 68, 66, 69, 65, 71, 70, 72, 63, 56, 57, 42, 32, 10, 13, 8, 31, 40, 35, 36, 15, 16, 27, 73, 5, 41, 54, 48, 64, 19, 4, 22, 18, 33, 39, 59, 28, 74, 49, 50, 60, 37, 62, 58, 47, 44, 38, 34, 61, 12, 53, 67, 14, 3, 9, 46, 24, 1, 11, 52, 17]
118		359633.0173110175		[48, 51, 23, 21, 45, 26, 29, 30, 7, 6, 20, 2, 75, 0, 25, 43, 68, 66, 69, 65, 71, 70, 72, 63, 56, 57, 42, 32, 10, 13, 8, 31, 40, 35, 36, 15, 16, 27, 73, 5, 41, 54, 55, 64, 19, 4, 22, 18, 33, 39, 59, 28, 74, 49, 50, 60, 37, 62, 58, 47, 44, 38, 34, 61, 12, 53, 67, 14, 3, 9, 46, 24, 1, 11, 52, 17]
119		359014.9237175959		[51, 48, 23, 21, 45, 26, 29, 30, 7, 6, 20, 2, 75, 0, 25, 43, 68, 66, 69, 65, 71, 70, 72, 63, 56, 57, 42, 32, 10, 13, 8, 31, 40, 35, 36, 15, 16, 27, 73, 5, 41, 54, 55, 64, 19, 4, 22, 18, 33, 39, 59, 28, 74, 49, 50, 60, 37, 62, 58, 47, 44, 38, 34, 61, 12, 53, 67, 14, 3, 9, 46, 24, 1, 11, 52, 17]
120		357216.4868575989		[64, 48, 23, 21, 45, 26, 29, 30, 7, 6, 20, 2, 75, 0, 25, 43, 68, 66, 69, 65, 71, 70, 72, 63, 56, 57, 42, 32, 10, 13, 8, 31, 40, 35, 36, 15, 16, 27, 73, 5, 41, 54, 55, 51, 19, 4, 22, 18, 33, 39, 59, 28, 74, 49, 50, 60, 37, 62, 58, 47, 44, 38, 34, 61, 12, 53, 67, 14, 3, 9, 46, 24, 1, 11, 52, 17]
121		355298.135637378		[69, 48, 23, 21, 45, 26, 29, 30, 7, 6, 20, 2, 75, 0, 25, 43, 68, 66, 64, 65, 71, 70, 72, 63, 56, 57, 42, 32, 10, 13, 8, 31, 40, 35, 36, 15, 16, 27, 73, 5, 41, 54, 55, 51, 19, 4, 22, 18, 33, 39, 59, 28, 74, 49, 50, 60, 37, 62, 58, 47, 44, 38, 34, 61, 12, 53, 67, 14, 3, 9, 46, 24, 1, 11, 52, 17]
122		355076.126344072		[69, 43, 23, 21, 45, 26, 29, 30, 7, 6, 20, 2, 75, 0, 25, 48, 68, 66, 64, 65, 71, 70, 72, 63, 56, 57, 42, 32, 10, 13, 8, 31, 40, 35, 36, 15, 16, 27, 73, 5, 41, 54, 55, 51, 19, 4, 22, 18, 33, 39, 59, 28, 74, 49, 50, 60, 37, 62, 58, 47, 44, 38, 34, 61, 12, 53, 67, 14, 3, 9, 46, 24, 1, 11, 52, 17]
123		354872.5013087		[68, 43, 23, 21, 45, 26, 29, 30, 7, 6, 20, 2, 75, 0, 25, 48, 69, 66, 64, 65, 71, 70, 72, 63, 56, 57, 42, 32, 10, 13, 8, 31, 40, 35, 36, 15, 16, 27, 73, 5, 41, 54, 55, 51, 19, 4, 22, 18, 33, 39, 59, 28, 74, 49, 50, 60, 37, 62, 58, 47, 44, 38, 34, 61, 12, 53, 67, 14, 3, 9, 46, 24, 1, 11, 52, 17]
124		354404.5309023191		[48, 43, 23, 21, 45, 26, 29, 30, 7, 6, 20, 2, 75, 0, 25, 68, 69, 66, 64, 65, 71, 70, 72, 63, 56, 57, 42, 32, 10, 13, 8, 31, 40, 35, 36, 15, 16, 27, 73, 5, 41, 54, 55, 51, 19, 4, 22, 18, 33, 39, 59, 28, 74, 49, 50, 60, 37, 62, 58, 47, 44, 38, 34, 61, 12, 53, 67, 14, 3, 9, 46, 24, 1, 11, 52, 17]
125		342763.9961190489		[74, 43, 23, 21, 45, 26, 29, 30, 7, 6, 20, 2, 75, 0, 25, 68, 69, 66, 64, 65, 71, 70, 72, 63, 56, 57, 42, 32, 10, 13, 8, 31, 40, 35, 36, 15, 16, 27, 73, 5, 41, 54, 55, 51, 19, 4, 22, 18, 33, 39, 59, 28, 48, 49, 50, 60, 37, 62, 58, 47, 44, 38, 34, 61, 12, 53, 67, 14, 3, 9, 46, 24, 1, 11, 52, 17]
126		339928.8605723491		[20, 43, 23, 21, 45, 26, 29, 30, 7, 6, 74, 2, 75, 0, 25, 68, 69, 66, 64, 65, 71, 70, 72, 63, 56, 57, 42, 32, 10, 13, 8, 31, 40, 35, 36, 15, 16, 27, 73, 5, 41, 54, 55, 51, 19, 4, 22, 18, 33, 39, 59, 28, 48, 49, 50, 60, 37, 62, 58, 47, 44, 38, 34, 61, 12, 53, 67, 14, 3, 9, 46, 24, 1, 11, 52, 17]
127		337546.1069930017		[43, 20, 23, 21, 45, 26, 29, 30, 7, 6, 74, 2, 75, 0, 25, 68, 69, 66, 64, 65, 71, 70, 72, 63, 56, 57, 42, 32, 10, 13, 8, 31, 40, 35, 36, 15, 16, 27, 73, 5, 41, 54, 55, 51, 19, 4, 22, 18, 33, 39, 59, 28, 48, 49, 50, 60, 37, 62, 58, 47, 44, 38, 34, 61, 12, 53, 67, 14, 3, 9, 46, 24, 1, 11, 52, 17]
128		335101.74271381815		[21, 20, 23, 43, 45, 26, 29, 30, 7, 6, 74, 2, 75, 0, 25, 68, 69, 66, 64, 65, 71, 70, 72, 63, 56, 57, 42, 32, 10, 13, 8, 31, 40, 35, 36, 15, 16, 27, 73, 5, 41, 54, 55, 51, 19, 4, 22, 18, 33, 39, 59, 28, 48, 49, 50, 60, 37, 62, 58, 47, 44, 38, 34, 61, 12, 53, 67, 14, 3, 9, 46, 24, 1, 11, 52, 17]
129		334856.5802514488		[25, 20, 23, 43, 45, 26, 29, 30, 7, 6, 74, 2, 75, 0, 21, 68, 69, 66, 64, 65, 71, 70, 72, 63, 56, 57, 42, 32, 10, 13, 8, 31, 40, 35, 36, 15, 16, 27, 73, 5, 41, 54, 55, 51, 19, 4, 22, 18, 33, 39, 59, 28, 48, 49, 50, 60, 37, 62, 58, 47, 44, 38, 34, 61, 12, 53, 67, 14, 3, 9, 46, 24, 1, 11, 52, 17]
130		334596.29080768063		[23, 20, 25, 43, 45, 26, 29, 30, 7, 6, 74, 2, 75, 0, 21, 68, 69, 66, 64, 65, 71, 70, 72, 63, 56, 57, 42, 32, 10, 13, 8, 31, 40, 35, 36, 15, 16, 27, 73, 5, 41, 54, 55, 51, 19, 4, 22, 18, 33, 39, 59, 28, 48, 49, 50, 60, 37, 62, 58, 47, 44, 38, 34, 61, 12, 53, 67, 14, 3, 9, 46, 24, 1, 11, 52, 17]
131		334346.63152373856		[21, 20, 25, 43, 45, 26, 29, 30, 7, 6, 74, 2, 75, 0, 23, 68, 69, 66, 64, 65, 71, 70, 72, 63, 56, 57, 42, 32, 10, 13, 8, 31, 40, 35, 36, 15, 16, 27, 73, 5, 41, 54, 55, 51, 19, 4, 22, 18, 33, 39, 59, 28, 48, 49, 50, 60, 37, 62, 58, 47, 44, 38, 34, 61, 12, 53, 67, 14, 3, 9, 46, 24, 1, 11, 52, 17]
132		334142.8359059636		[22, 20, 25, 43, 45, 26, 29, 30, 7, 6, 74, 2, 75, 0, 23, 68, 69, 66, 64, 65, 71, 70, 72, 63, 56, 57, 42, 32, 10, 13, 8, 31, 40, 35, 36, 15, 16, 27, 73, 5, 41, 54, 55, 51, 19, 4, 21, 18, 33, 39, 59, 28, 48, 49, 50, 60, 37, 62, 58, 47, 44, 38, 34, 61, 12, 53, 67, 14, 3, 9, 46, 24, 1, 11, 52, 17]
133		332490.3246952462		[2, 20, 25, 43, 45, 26, 29, 30, 7, 6, 74, 22, 75, 0, 23, 68, 69, 66, 64, 65, 71, 70, 72, 63, 56, 57, 42, 32, 10, 13, 8, 31, 40, 35, 36, 15, 16, 27, 73, 5, 41, 54, 55, 51, 19, 4, 21, 18, 33, 39, 59, 28, 48, 49, 50, 60, 37, 62, 58, 47, 44, 38, 34, 61, 12, 53, 67, 14, 3, 9, 46, 24, 1, 11, 52, 17]
134		330197.139268748		[74, 20, 25, 43, 45, 26, 29, 30, 7, 6, 2, 22, 75, 0, 23, 68, 69, 66, 64, 65, 71, 70, 72, 63, 56, 57, 42, 32, 10, 13, 8, 31, 40, 35, 36, 15, 16, 27, 73, 5, 41, 54, 55, 51, 19, 4, 21, 18, 33, 39, 59, 28, 48, 49, 50, 60, 37, 62, 58, 47, 44, 38, 34, 61, 12, 53, 67, 14, 3, 9, 46, 24, 1, 11, 52, 17]
135		322614.71035743185		[22, 20, 25, 43, 45, 26, 29, 30, 7, 6, 2, 74, 75, 0, 23, 68, 69, 66, 64, 65, 71, 70, 72, 63, 56, 57, 42, 32, 10, 13, 8, 31, 40, 35, 36, 15, 16, 27, 73, 5, 41, 54, 55, 51, 19, 4, 21, 18, 33, 39, 59, 28, 48, 49, 50, 60, 37, 62, 58, 47, 44, 38, 34, 61, 12, 53, 67, 14, 3, 9, 46, 24, 1, 11, 52, 17]
136		321609.2230082068		[23, 20, 25, 43, 45, 26, 29, 30, 7, 6, 2, 74, 75, 0, 22, 68, 69, 66, 64, 65, 71, 70, 72, 63, 56, 57, 42, 32, 10, 13, 8, 31, 40, 35, 36, 15, 16, 27, 73, 5, 41, 54, 55, 51, 19, 4, 21, 18, 33, 39, 59, 28, 48, 49, 50, 60, 37, 62, 58, 47, 44, 38, 34, 61, 12, 53, 67, 14, 3, 9, 46, 24, 1, 11, 52, 17]
137		320519.95203087165		[14, 20, 25, 43, 45, 26, 29, 30, 7, 6, 2, 74, 75, 0, 22, 68, 69, 66, 64, 65, 71, 70, 72, 63, 56, 57, 42, 32, 10, 13, 8, 31, 40, 35, 36, 15, 16, 27, 73, 5, 41, 54, 55, 51, 19, 4, 21, 18, 33, 39, 59, 28, 48, 49, 50, 60, 37, 62, 58, 47, 44, 38, 34, 61, 12, 53, 67, 23, 3, 9, 46, 24, 1, 11, 52, 17]
138		319322.06239970925		[10, 20, 25, 43, 45, 26, 29, 30, 7, 6, 2, 74, 75, 0, 22, 68, 69, 66, 64, 65, 71, 70, 72, 63, 56, 57, 42, 32, 14, 13, 8, 31, 40, 35, 36, 15, 16, 27, 73, 5, 41, 54, 55, 51, 19, 4, 21, 18, 33, 39, 59, 28, 48, 49, 50, 60, 37, 62, 58, 47, 44, 38, 34, 61, 12, 53, 67, 23, 3, 9, 46, 24, 1, 11, 52, 17]
139		318917.9740626423		[30, 20, 25, 43, 45, 26, 29, 10, 7, 6, 2, 74, 75, 0, 22, 68, 69, 66, 64, 65, 71, 70, 72, 63, 56, 57, 42, 32, 14, 13, 8, 31, 40, 35, 36, 15, 16, 27, 73, 5, 41, 54, 55, 51, 19, 4, 21, 18, 33, 39, 59, 28, 48, 49, 50, 60, 37, 62, 58, 47, 44, 38, 34, 61, 12, 53, 67, 23, 3, 9, 46, 24, 1, 11, 52, 17]
140		317851.5440799871		[20, 30, 25, 43, 45, 26, 29, 10, 7, 6, 2, 74, 75, 0, 22, 68, 69, 66, 64, 65, 71, 70, 72, 63, 56, 57, 42, 32, 14, 13, 8, 31, 40, 35, 36, 15, 16, 27, 73, 5, 41, 54, 55, 51, 19, 4, 21, 18, 33, 39, 59, 28, 48, 49, 50, 60, 37, 62, 58, 47, 44, 38, 34, 61, 12, 53, 67, 23, 3, 9, 46, 24, 1, 11, 52, 17]
141		317412.54654191167		[26, 30, 25, 43, 45, 20, 29, 10, 7, 6, 2, 74, 75, 0, 22, 68, 69, 66, 64, 65, 71, 70, 72, 63, 56, 57, 42, 32, 14, 13, 8, 31, 40, 35, 36, 15, 16, 27, 73, 5, 41, 54, 55, 51, 19, 4, 21, 18, 33, 39, 59, 28, 48, 49, 50, 60, 37, 62, 58, 47, 44, 38, 34, 61, 12, 53, 67, 23, 3, 9, 46, 24, 1, 11, 52, 17]
142		315919.37532196555		[30, 26, 25, 43, 45, 20, 29, 10, 7, 6, 2, 74, 75, 0, 22, 68, 69, 66, 64, 65, 71, 70, 72, 63, 56, 57, 42, 32, 14, 13, 8, 31, 40, 35, 36, 15, 16, 27, 73, 5, 41, 54, 55, 51, 19, 4, 21, 18, 33, 39, 59, 28, 48, 49, 50, 60, 37, 62, 58, 47, 44, 38, 34, 61, 12, 53, 67, 23, 3, 9, 46, 24, 1, 11, 52, 17]
143		314975.3837913858		[29, 26, 25, 43, 45, 20, 30, 10, 7, 6, 2, 74, 75, 0, 22, 68, 69, 66, 64, 65, 71, 70, 72, 63, 56, 57, 42, 32, 14, 13, 8, 31, 40, 35, 36, 15, 16, 27, 73, 5, 41, 54, 55, 51, 19, 4, 21, 18, 33, 39, 59, 28, 48, 49, 50, 60, 37, 62, 58, 47, 44, 38, 34, 61, 12, 53, 67, 23, 3, 9, 46, 24, 1, 11, 52, 17]
144		311482.97405845526		[27, 26, 25, 43, 45, 20, 30, 10, 7, 6, 2, 74, 75, 0, 22, 68, 69, 66, 64, 65, 71, 70, 72, 63, 56, 57, 42, 32, 14, 13, 8, 31, 40, 35, 36, 15, 16, 29, 73, 5, 41, 54, 55, 51, 19, 4, 21, 18, 33, 39, 59, 28, 48, 49, 50, 60, 37, 62, 58, 47, 44, 38, 34, 61, 12, 53, 67, 23, 3, 9, 46, 24, 1, 11, 52, 17]
145		310023.45361936965		[28, 26, 25, 43, 45, 20, 30, 10, 7, 6, 2, 74, 75, 0, 22, 68, 69, 66, 64, 65, 71, 70, 72, 63, 56, 57, 42, 32, 14, 13, 8, 31, 40, 35, 36, 15, 16, 29, 73, 5, 41, 54, 55, 51, 19, 4, 21, 18, 33, 39, 59, 27, 48, 49, 50, 60, 37, 62, 58, 47, 44, 38, 34, 61, 12, 53, 67, 23, 3, 9, 46, 24, 1, 11, 52, 17]
146		309549.56528034125		[73, 26, 25, 43, 45, 20, 30, 10, 7, 6, 2, 74, 75, 0, 22, 68, 69, 66, 64, 65, 71, 70, 72, 63, 56, 57, 42, 32, 14, 13, 8, 31, 40, 35, 36, 15, 16, 29, 28, 5, 41, 54, 55, 51, 19, 4, 21, 18, 33, 39, 59, 27, 48, 49, 50, 60, 37, 62, 58, 47, 44, 38, 34, 61, 12, 53, 67, 23, 3, 9, 46, 24, 1, 11, 52, 17]
147		309022.20147834404		[32, 26, 25, 43, 45, 20, 30, 10, 7, 6, 2, 74, 75, 0, 22, 68, 69, 66, 64, 65, 71, 70, 72, 63, 56, 57, 42, 73, 14, 13, 8, 31, 40, 35, 36, 15, 16, 29, 28, 5, 41, 54, 55, 51, 19, 4, 21, 18, 33, 39, 59, 27, 48, 49, 50, 60, 37, 62, 58, 47, 44, 38, 34, 61, 12, 53, 67, 23, 3, 9, 46, 24, 1, 11, 52, 17]
148		306438.9901803566		[42, 26, 25, 43, 45, 20, 30, 10, 7, 6, 2, 74, 75, 0, 22, 68, 69, 66, 64, 65, 71, 70, 72, 63, 56, 57, 32, 73, 14, 13, 8, 31, 40, 35, 36, 15, 16, 29, 28, 5, 41, 54, 55, 51, 19, 4, 21, 18, 33, 39, 59, 27, 48, 49, 50, 60, 37, 62, 58, 47, 44, 38, 34, 61, 12, 53, 67, 23, 3, 9, 46, 24, 1, 11, 52, 17]
149		301092.32655069703		[5, 26, 25, 43, 45, 20, 30, 10, 7, 6, 2, 74, 75, 0, 22, 68, 69, 66, 64, 65, 71, 70, 72, 63, 56, 57, 32, 73, 14, 13, 8, 31, 40, 35, 36, 15, 16, 29, 28, 42, 41, 54, 55, 51, 19, 4, 21, 18, 33, 39, 59, 27, 48, 49, 50, 60, 37, 62, 58, 47, 44, 38, 34, 61, 12, 53, 67, 23, 3, 9, 46, 24, 1, 11, 52, 17]
150		298326.9761123832		[30, 26, 25, 43, 45, 20, 5, 10, 7, 6, 2, 74, 75, 0, 22, 68, 69, 66, 64, 65, 71, 70, 72, 63, 56, 57, 32, 73, 14, 13, 8, 31, 40, 35, 36, 15, 16, 29, 28, 42, 41, 54, 55, 51, 19, 4, 21, 18, 33, 39, 59, 27, 48, 49, 50, 60, 37, 62, 58, 47, 44, 38, 34, 61, 12, 53, 67, 23, 3, 9, 46, 24, 1, 11, 52, 17]
151		297778.10741587816		[29, 26, 25, 43, 45, 20, 5, 10, 7, 6, 2, 74, 75, 0, 22, 68, 69, 66, 64, 65, 71, 70, 72, 63, 56, 57, 32, 73, 14, 13, 8, 31, 40, 35, 36, 15, 16, 30, 28, 42, 41, 54, 55, 51, 19, 4, 21, 18, 33, 39, 59, 27, 48, 49, 50, 60, 37, 62, 58, 47, 44, 38, 34, 61, 12, 53, 67, 23, 3, 9, 46, 24, 1, 11, 52, 17]
152		297312.7346840915		[28, 26, 25, 43, 45, 20, 5, 10, 7, 6, 2, 74, 75, 0, 22, 68, 69, 66, 64, 65, 71, 70, 72, 63, 56, 57, 32, 73, 14, 13, 8, 31, 40, 35, 36, 15, 16, 30, 29, 42, 41, 54, 55, 51, 19, 4, 21, 18, 33, 39, 59, 27, 48, 49, 50, 60, 37, 62, 58, 47, 44, 38, 34, 61, 12, 53, 67, 23, 3, 9, 46, 24, 1, 11, 52, 17]
153		296275.6061426421		[21, 26, 25, 43, 45, 20, 5, 10, 7, 6, 2, 74, 75, 0, 22, 68, 69, 66, 64, 65, 71, 70, 72, 63, 56, 57, 32, 73, 14, 13, 8, 31, 40, 35, 36, 15, 16, 30, 29, 42, 41, 54, 55, 51, 19, 4, 28, 18, 33, 39, 59, 27, 48, 49, 50, 60, 37, 62, 58, 47, 44, 38, 34, 61, 12, 53, 67, 23, 3, 9, 46, 24, 1, 11, 52, 17]
154		295908.48668112943		[20, 26, 25, 43, 45, 21, 5, 10, 7, 6, 2, 74, 75, 0, 22, 68, 69, 66, 64, 65, 71, 70, 72, 63, 56, 57, 32, 73, 14, 13, 8, 31, 40, 35, 36, 15, 16, 30, 29, 42, 41, 54, 55, 51, 19, 4, 28, 18, 33, 39, 59, 27, 48, 49, 50, 60, 37, 62, 58, 47, 44, 38, 34, 61, 12, 53, 67, 23, 3, 9, 46, 24, 1, 11, 52, 17]
155		295706.7017975564		[43, 26, 25, 20, 45, 21, 5, 10, 7, 6, 2, 74, 75, 0, 22, 68, 69, 66, 64, 65, 71, 70, 72, 63, 56, 57, 32, 73, 14, 13, 8, 31, 40, 35, 36, 15, 16, 30, 29, 42, 41, 54, 55, 51, 19, 4, 28, 18, 33, 39, 59, 27, 48, 49, 50, 60, 37, 62, 58, 47, 44, 38, 34, 61, 12, 53, 67, 23, 3, 9, 46, 24, 1, 11, 52, 17]
156		294393.97091847914		[44, 26, 25, 20, 45, 21, 5, 10, 7, 6, 2, 74, 75, 0, 22, 68, 69, 66, 64, 65, 71, 70, 72, 63, 56, 57, 32, 73, 14, 13, 8, 31, 40, 35, 36, 15, 16, 30, 29, 42, 41, 54, 55, 51, 19, 4, 28, 18, 33, 39, 59, 27, 48, 49, 50, 60, 37, 62, 58, 47, 43, 38, 34, 61, 12, 53, 67, 23, 3, 9, 46, 24, 1, 11, 52, 17]
157		293300.3248051566		[20, 26, 25, 44, 45, 21, 5, 10, 7, 6, 2, 74, 75, 0, 22, 68, 69, 66, 64, 65, 71, 70, 72, 63, 56, 57, 32, 73, 14, 13, 8, 31, 40, 35, 36, 15, 16, 30, 29, 42, 41, 54, 55, 51, 19, 4, 28, 18, 33, 39, 59, 27, 48, 49, 50, 60, 37, 62, 58, 47, 43, 38, 34, 61, 12, 53, 67, 23, 3, 9, 46, 24, 1, 11, 52, 17]
158		290631.8068022178		[67, 26, 25, 44, 45, 21, 5, 10, 7, 6, 2, 74, 75, 0, 22, 68, 69, 66, 64, 65, 71, 70, 72, 63, 56, 57, 32, 73, 14, 13, 8, 31, 40, 35, 36, 15, 16, 30, 29, 42, 41, 54, 55, 51, 19, 4, 28, 18, 33, 39, 59, 27, 48, 49, 50, 60, 37, 62, 58, 47, 43, 38, 34, 61, 12, 53, 20, 23, 3, 9, 46, 24, 1, 11, 52, 17]
159		290272.2694408924		[68, 26, 25, 44, 45, 21, 5, 10, 7, 6, 2, 74, 75, 0, 22, 67, 69, 66, 64, 65, 71, 70, 72, 63, 56, 57, 32, 73, 14, 13, 8, 31, 40, 35, 36, 15, 16, 30, 29, 42, 41, 54, 55, 51, 19, 4, 28, 18, 33, 39, 59, 27, 48, 49, 50, 60, 37, 62, 58, 47, 43, 38, 34, 61, 12, 53, 20, 23, 3, 9, 46, 24, 1, 11, 52, 17]
160		289878.6296563205		[25, 26, 68, 44, 45, 21, 5, 10, 7, 6, 2, 74, 75, 0, 22, 67, 69, 66, 64, 65, 71, 70, 72, 63, 56, 57, 32, 73, 14, 13, 8, 31, 40, 35, 36, 15, 16, 30, 29, 42, 41, 54, 55, 51, 19, 4, 28, 18, 33, 39, 59, 27, 48, 49, 50, 60, 37, 62, 58, 47, 43, 38, 34, 61, 12, 53, 20, 23, 3, 9, 46, 24, 1, 11, 52, 17]
161		287963.47713720123		[12, 26, 68, 44, 45, 21, 5, 10, 7, 6, 2, 74, 75, 0, 22, 67, 69, 66, 64, 65, 71, 70, 72, 63, 56, 57, 32, 73, 14, 13, 8, 31, 40, 35, 36, 15, 16, 30, 29, 42, 41, 54, 55, 51, 19, 4, 28, 18, 33, 39, 59, 27, 48, 49, 50, 60, 37, 62, 58, 47, 43, 38, 34, 61, 25, 53, 20, 23, 3, 9, 46, 24, 1, 11, 52, 17]
162		286419.37449823914		[10, 26, 68, 44, 45, 21, 5, 12, 7, 6, 2, 74, 75, 0, 22, 67, 69, 66, 64, 65, 71, 70, 72, 63, 56, 57, 32, 73, 14, 13, 8, 31, 40, 35, 36, 15, 16, 30, 29, 42, 41, 54, 55, 51, 19, 4, 28, 18, 33, 39, 59, 27, 48, 49, 50, 60, 37, 62, 58, 47, 43, 38, 34, 61, 25, 53, 20, 23, 3, 9, 46, 24, 1, 11, 52, 17]
163		282270.8218350902		[32, 26, 68, 44, 45, 21, 5, 12, 7, 6, 2, 74, 75, 0, 22, 67, 69, 66, 64, 65, 71, 70, 72, 63, 56, 57, 10, 73, 14, 13, 8, 31, 40, 35, 36, 15, 16, 30, 29, 42, 41, 54, 55, 51, 19, 4, 28, 18, 33, 39, 59, 27, 48, 49, 50, 60, 37, 62, 58, 47, 43, 38, 34, 61, 25, 53, 20, 23, 3, 9, 46, 24, 1, 11, 52, 17]
164		281457.24102084845		[40, 26, 68, 44, 45, 21, 5, 12, 7, 6, 2, 74, 75, 0, 22, 67, 69, 66, 64, 65, 71, 70, 72, 63, 56, 57, 10, 73, 14, 13, 8, 31, 32, 35, 36, 15, 16, 30, 29, 42, 41, 54, 55, 51, 19, 4, 28, 18, 33, 39, 59, 27, 48, 49, 50, 60, 37, 62, 58, 47, 43, 38, 34, 61, 25, 53, 20, 23, 3, 9, 46, 24, 1, 11, 52, 17]
165		279719.5740865695		[18, 26, 68, 44, 45, 21, 5, 12, 7, 6, 2, 74, 75, 0, 22, 67, 69, 66, 64, 65, 71, 70, 72, 63, 56, 57, 10, 73, 14, 13, 8, 31, 32, 35, 36, 15, 16, 30, 29, 42, 41, 54, 55, 51, 19, 4, 28, 40, 33, 39, 59, 27, 48, 49, 50, 60, 37, 62, 58, 47, 43, 38, 34, 61, 25, 53, 20, 23, 3, 9, 46, 24, 1, 11, 52, 17]
166		279615.44894300203		[30, 26, 68, 44, 45, 21, 5, 12, 7, 6, 2, 74, 75, 0, 22, 67, 69, 66, 64, 65, 71, 70, 72, 63, 56, 57, 10, 73, 14, 13, 8, 31, 32, 35, 36, 15, 16, 18, 29, 42, 41, 54, 55, 51, 19, 4, 28, 40, 33, 39, 59, 27, 48, 49, 50, 60, 37, 62, 58, 47, 43, 38, 34, 61, 25, 53, 20, 23, 3, 9, 46, 24, 1, 11, 52, 17]
167		279003.51068680384		[29, 26, 68, 44, 45, 21, 5, 12, 7, 6, 2, 74, 75, 0, 22, 67, 69, 66, 64, 65, 71, 70, 72, 63, 56, 57, 10, 73, 14, 13, 8, 31, 32, 35, 36, 15, 16, 18, 30, 42, 41, 54, 55, 51, 19, 4, 28, 40, 33, 39, 59, 27, 48, 49, 50, 60, 37, 62, 58, 47, 43, 38, 34, 61, 25, 53, 20, 23, 3, 9, 46, 24, 1, 11, 52, 17]
168		278589.6451361519		[42, 26, 68, 44, 45, 21, 5, 12, 7, 6, 2, 74, 75, 0, 22, 67, 69, 66, 64, 65, 71, 70, 72, 63, 56, 57, 10, 73, 14, 13, 8, 31, 32, 35, 36, 15, 16, 18, 30, 29, 41, 54, 55, 51, 19, 4, 28, 40, 33, 39, 59, 27, 48, 49, 50, 60, 37, 62, 58, 47, 43, 38, 34, 61, 25, 53, 20, 23, 3, 9, 46, 24, 1, 11, 52, 17]
169		276922.28734870267		[27, 26, 68, 44, 45, 21, 5, 12, 7, 6, 2, 74, 75, 0, 22, 67, 69, 66, 64, 65, 71, 70, 72, 63, 56, 57, 10, 73, 14, 13, 8, 31, 32, 35, 36, 15, 16, 18, 30, 29, 41, 54, 55, 51, 19, 4, 28, 40, 33, 39, 59, 42, 48, 49, 50, 60, 37, 62, 58, 47, 43, 38, 34, 61, 25, 53, 20, 23, 3, 9, 46, 24, 1, 11, 52, 17]
170		273999.097091875		[61, 26, 68, 44, 45, 21, 5, 12, 7, 6, 2, 74, 75, 0, 22, 67, 69, 66, 64, 65, 71, 70, 72, 63, 56, 57, 10, 73, 14, 13, 8, 31, 32, 35, 36, 15, 16, 18, 30, 29, 41, 54, 55, 51, 19, 4, 28, 40, 33, 39, 59, 42, 48, 49, 50, 60, 37, 62, 58, 47, 43, 38, 34, 27, 25, 53, 20, 23, 3, 9, 46, 24, 1, 11, 52, 17]
171		273822.5175975112		[56, 26, 68, 44, 45, 21, 5, 12, 7, 6, 2, 74, 75, 0, 22, 67, 69, 66, 64, 65, 71, 70, 72, 63, 61, 57, 10, 73, 14, 13, 8, 31, 32, 35, 36, 15, 16, 18, 30, 29, 41, 54, 55, 51, 19, 4, 28, 40, 33, 39, 59, 42, 48, 49, 50, 60, 37, 62, 58, 47, 43, 38, 34, 27, 25, 53, 20, 23, 3, 9, 46, 24, 1, 11, 52, 17]
172		272783.9663531907		[41, 26, 68, 44, 45, 21, 5, 12, 7, 6, 2, 74, 75, 0, 22, 67, 69, 66, 64, 65, 71, 70, 72, 63, 61, 57, 10, 73, 14, 13, 8, 31, 32, 35, 36, 15, 16, 18, 30, 29, 56, 54, 55, 51, 19, 4, 28, 40, 33, 39, 59, 42, 48, 49, 50, 60, 37, 62, 58, 47, 43, 38, 34, 27, 25, 53, 20, 23, 3, 9, 46, 24, 1, 11, 52, 17]
173		271235.7635336525		[42, 26, 68, 44, 45, 21, 5, 12, 7, 6, 2, 74, 75, 0, 22, 67, 69, 66, 64, 65, 71, 70, 72, 63, 61, 57, 10, 73, 14, 13, 8, 31, 32, 35, 36, 15, 16, 18, 30, 29, 56, 54, 55, 51, 19, 4, 28, 40, 33, 39, 59, 41, 48, 49, 50, 60, 37, 62, 58, 47, 43, 38, 34, 27, 25, 53, 20, 23, 3, 9, 46, 24, 1, 11, 52, 17]
174		267374.745222486		[25, 26, 68, 44, 45, 21, 5, 12, 7, 6, 2, 74, 75, 0, 22, 67, 69, 66, 64, 65, 71, 70, 72, 63, 61, 57, 10, 73, 14, 13, 8, 31, 32, 35, 36, 15, 16, 18, 30, 29, 56, 54, 55, 51, 19, 4, 28, 40, 33, 39, 59, 41, 48, 49, 50, 60, 37, 62, 58, 47, 43, 38, 34, 27, 42, 53, 20, 23, 3, 9, 46, 24, 1, 11, 52, 17]
175		267249.7515931009		[53, 26, 68, 44, 45, 21, 5, 12, 7, 6, 2, 74, 75, 0, 22, 67, 69, 66, 64, 65, 71, 70, 72, 63, 61, 57, 10, 73, 14, 13, 8, 31, 32, 35, 36, 15, 16, 18, 30, 29, 56, 54, 55, 51, 19, 4, 28, 40, 33, 39, 59, 41, 48, 49, 50, 60, 37, 62, 58, 47, 43, 38, 34, 27, 42, 25, 20, 23, 3, 9, 46, 24, 1, 11, 52, 17]
176		267042.4213314127		[26, 53, 68, 44, 45, 21, 5, 12, 7, 6, 2, 74, 75, 0, 22, 67, 69, 66, 64, 65, 71, 70, 72, 63, 61, 57, 10, 73, 14, 13, 8, 31, 32, 35, 36, 15, 16, 18, 30, 29, 56, 54, 55, 51, 19, 4, 28, 40, 33, 39, 59, 41, 48, 49, 50, 60, 37, 62, 58, 47, 43, 38, 34, 27, 42, 25, 20, 23, 3, 9, 46, 24, 1, 11, 52, 17]
177		265681.6501127769		[56, 53, 68, 44, 45, 21, 5, 12, 7, 6, 2, 74, 75, 0, 22, 67, 69, 66, 64, 65, 71, 70, 72, 63, 61, 57, 10, 73, 14, 13, 8, 31, 32, 35, 36, 15, 16, 18, 30, 29, 26, 54, 55, 51, 19, 4, 28, 40, 33, 39, 59, 41, 48, 49, 50, 60, 37, 62, 58, 47, 43, 38, 34, 27, 42, 25, 20, 23, 3, 9, 46, 24, 1, 11, 52, 17]
178		264978.43150613655		[51, 53, 68, 44, 45, 21, 5, 12, 7, 6, 2, 74, 75, 0, 22, 67, 69, 66, 64, 65, 71, 70, 72, 63, 61, 57, 10, 73, 14, 13, 8, 31, 32, 35, 36, 15, 16, 18, 30, 29, 26, 54, 55, 56, 19, 4, 28, 40, 33, 39, 59, 41, 48, 49, 50, 60, 37, 62, 58, 47, 43, 38, 34, 27, 42, 25, 20, 23, 3, 9, 46, 24, 1, 11, 52, 17]
179		264454.4845662092		[53, 51, 68, 44, 45, 21, 5, 12, 7, 6, 2, 74, 75, 0, 22, 67, 69, 66, 64, 65, 71, 70, 72, 63, 61, 57, 10, 73, 14, 13, 8, 31, 32, 35, 36, 15, 16, 18, 30, 29, 26, 54, 55, 56, 19, 4, 28, 40, 33, 39, 59, 41, 48, 49, 50, 60, 37, 62, 58, 47, 43, 38, 34, 27, 42, 25, 20, 23, 3, 9, 46, 24, 1, 11, 52, 17]
180		264316.89201646595		[54, 51, 68, 44, 45, 21, 5, 12, 7, 6, 2, 74, 75, 0, 22, 67, 69, 66, 64, 65, 71, 70, 72, 63, 61, 57, 10, 73, 14, 13, 8, 31, 32, 35, 36, 15, 16, 18, 30, 29, 26, 53, 55, 56, 19, 4, 28, 40, 33, 39, 59, 41, 48, 49, 50, 60, 37, 62, 58, 47, 43, 38, 34, 27, 42, 25, 20, 23, 3, 9, 46, 24, 1, 11, 52, 17]
181		264210.18900472805		[55, 51, 68, 44, 45, 21, 5, 12, 7, 6, 2, 74, 75, 0, 22, 67, 69, 66, 64, 65, 71, 70, 72, 63, 61, 57, 10, 73, 14, 13, 8, 31, 32, 35, 36, 15, 16, 18, 30, 29, 26, 53, 54, 56, 19, 4, 28, 40, 33, 39, 59, 41, 48, 49, 50, 60, 37, 62, 58, 47, 43, 38, 34, 27, 42, 25, 20, 23, 3, 9, 46, 24, 1, 11, 52, 17]
182		263971.63608172326		[56, 51, 68, 44, 45, 21, 5, 12, 7, 6, 2, 74, 75, 0, 22, 67, 69, 66, 64, 65, 71, 70, 72, 63, 61, 57, 10, 73, 14, 13, 8, 31, 32, 35, 36, 15, 16, 18, 30, 29, 26, 53, 54, 55, 19, 4, 28, 40, 33, 39, 59, 41, 48, 49, 50, 60, 37, 62, 58, 47, 43, 38, 34, 27, 42, 25, 20, 23, 3, 9, 46, 24, 1, 11, 52, 17]
183		263466.374061485		[41, 51, 68, 44, 45, 21, 5, 12, 7, 6, 2, 74, 75, 0, 22, 67, 69, 66, 64, 65, 71, 70, 72, 63, 61, 57, 10, 73, 14, 13, 8, 31, 32, 35, 36, 15, 16, 18, 30, 29, 26, 53, 54, 55, 19, 4, 28, 40, 33, 39, 59, 56, 48, 49, 50, 60, 37, 62, 58, 47, 43, 38, 34, 27, 42, 25, 20, 23, 3, 9, 46, 24, 1, 11, 52, 17]
184		262928.82732790866		[53, 51, 68, 44, 45, 21, 5, 12, 7, 6, 2, 74, 75, 0, 22, 67, 69, 66, 64, 65, 71, 70, 72, 63, 61, 57, 10, 73, 14, 13, 8, 31, 32, 35, 36, 15, 16, 18, 30, 29, 26, 41, 54, 55, 19, 4, 28, 40, 33, 39, 59, 56, 48, 49, 50, 60, 37, 62, 58, 47, 43, 38, 34, 27, 42, 25, 20, 23, 3, 9, 46, 24, 1, 11, 52, 17]
185		262873.7980651481		[54, 51, 68, 44, 45, 21, 5, 12, 7, 6, 2, 74, 75, 0, 22, 67, 69, 66, 64, 65, 71, 70, 72, 63, 61, 57, 10, 73, 14, 13, 8, 31, 32, 35, 36, 15, 16, 18, 30, 29, 26, 41, 53, 55, 19, 4, 28, 40, 33, 39, 59, 56, 48, 49, 50, 60, 37, 62, 58, 47, 43, 38, 34, 27, 42, 25, 20, 23, 3, 9, 46, 24, 1, 11, 52, 17]
186		261852.8140768172		[55, 51, 68, 44, 45, 21, 5, 12, 7, 6, 2, 74, 75, 0, 22, 67, 69, 66, 64, 65, 71, 70, 72, 63, 61, 57, 10, 73, 14, 13, 8, 31, 32, 35, 36, 15, 16, 18, 30, 29, 26, 41, 53, 54, 19, 4, 28, 40, 33, 39, 59, 56, 48, 49, 50, 60, 37, 62, 58, 47, 43, 38, 34, 27, 42, 25, 20, 23, 3, 9, 46, 24, 1, 11, 52, 17]
187		260814.36298026337		[48, 51, 68, 44, 45, 21, 5, 12, 7, 6, 2, 74, 75, 0, 22, 67, 69, 66, 64, 65, 71, 70, 72, 63, 61, 57, 10, 73, 14, 13, 8, 31, 32, 35, 36, 15, 16, 18, 30, 29, 26, 41, 53, 54, 19, 4, 28, 40, 33, 39, 59, 56, 55, 49, 50, 60, 37, 62, 58, 47, 43, 38, 34, 27, 42, 25, 20, 23, 3, 9, 46, 24, 1, 11, 52, 17]
188		259446.7271079035		[51, 48, 68, 44, 45, 21, 5, 12, 7, 6, 2, 74, 75, 0, 22, 67, 69, 66, 64, 65, 71, 70, 72, 63, 61, 57, 10, 73, 14, 13, 8, 31, 32, 35, 36, 15, 16, 18, 30, 29, 26, 41, 53, 54, 19, 4, 28, 40, 33, 39, 59, 56, 55, 49, 50, 60, 37, 62, 58, 47, 43, 38, 34, 27, 42, 25, 20, 23, 3, 9, 46, 24, 1, 11, 52, 17]
189		257449.80968732148		[49, 48, 68, 44, 45, 21, 5, 12, 7, 6, 2, 74, 75, 0, 22, 67, 69, 66, 64, 65, 71, 70, 72, 63, 61, 57, 10, 73, 14, 13, 8, 31, 32, 35, 36, 15, 16, 18, 30, 29, 26, 41, 53, 54, 19, 4, 28, 40, 33, 39, 59, 56, 55, 51, 50, 60, 37, 62, 58, 47, 43, 38, 34, 27, 42, 25, 20, 23, 3, 9, 46, 24, 1, 11, 52, 17]
190		257391.1875850177		[48, 49, 68, 44, 45, 21, 5, 12, 7, 6, 2, 74, 75, 0, 22, 67, 69, 66, 64, 65, 71, 70, 72, 63, 61, 57, 10, 73, 14, 13, 8, 31, 32, 35, 36, 15, 16, 18, 30, 29, 26, 41, 53, 54, 19, 4, 28, 40, 33, 39, 59, 56, 55, 51, 50, 60, 37, 62, 58, 47, 43, 38, 34, 27, 42, 25, 20, 23, 3, 9, 46, 24, 1, 11, 52, 17]
191		254433.65519165547		[48, 49, 68, 46, 45, 21, 5, 12, 7, 6, 2, 74, 75, 0, 22, 67, 69, 66, 64, 65, 71, 70, 72, 63, 61, 57, 10, 73, 14, 13, 8, 31, 32, 35, 36, 15, 16, 18, 30, 29, 26, 41, 53, 54, 19, 4, 28, 40, 33, 39, 59, 56, 55, 51, 50, 60, 37, 62, 58, 47, 43, 38, 34, 27, 42, 25, 20, 23, 3, 9, 44, 24, 1, 11, 52, 17]
192		253198.1053695464		[48, 49, 68, 46, 44, 21, 5, 12, 7, 6, 2, 74, 75, 0, 22, 67, 69, 66, 64, 65, 71, 70, 72, 63, 61, 57, 10, 73, 14, 13, 8, 31, 32, 35, 36, 15, 16, 18, 30, 29, 26, 41, 53, 54, 19, 4, 28, 40, 33, 39, 59, 56, 55, 51, 50, 60, 37, 62, 58, 47, 43, 38, 34, 27, 42, 25, 20, 23, 3, 9, 45, 24, 1, 11, 52, 17]
193		251265.97465304524		[48, 49, 68, 46, 44, 23, 5, 12, 7, 6, 2, 74, 75, 0, 22, 67, 69, 66, 64, 65, 71, 70, 72, 63, 61, 57, 10, 73, 14, 13, 8, 31, 32, 35, 36, 15, 16, 18, 30, 29, 26, 41, 53, 54, 19, 4, 28, 40, 33, 39, 59, 56, 55, 51, 50, 60, 37, 62, 58, 47, 43, 38, 34, 27, 42, 25, 20, 21, 3, 9, 45, 24, 1, 11, 52, 17]
194		247708.34340708843		[48, 49, 68, 46, 44, 9, 5, 12, 7, 6, 2, 74, 75, 0, 22, 67, 69, 66, 64, 65, 71, 70, 72, 63, 61, 57, 10, 73, 14, 13, 8, 31, 32, 35, 36, 15, 16, 18, 30, 29, 26, 41, 53, 54, 19, 4, 28, 40, 33, 39, 59, 56, 55, 51, 50, 60, 37, 62, 58, 47, 43, 38, 34, 27, 42, 25, 20, 21, 3, 23, 45, 24, 1, 11, 52, 17]
195		246684.44354488683		[48, 49, 68, 46, 44, 5, 9, 12, 7, 6, 2, 74, 75, 0, 22, 67, 69, 66, 64, 65, 71, 70, 72, 63, 61, 57, 10, 73, 14, 13, 8, 31, 32, 35, 36, 15, 16, 18, 30, 29, 26, 41, 53, 54, 19, 4, 28, 40, 33, 39, 59, 56, 55, 51, 50, 60, 37, 62, 58, 47, 43, 38, 34, 27, 42, 25, 20, 21, 3, 23, 45, 24, 1, 11, 52, 17]
196		246229.07433598253		[48, 49, 68, 46, 3, 5, 9, 12, 7, 6, 2, 74, 75, 0, 22, 67, 69, 66, 64, 65, 71, 70, 72, 63, 61, 57, 10, 73, 14, 13, 8, 31, 32, 35, 36, 15, 16, 18, 30, 29, 26, 41, 53, 54, 19, 4, 28, 40, 33, 39, 59, 56, 55, 51, 50, 60, 37, 62, 58, 47, 43, 38, 34, 27, 42, 25, 20, 21, 44, 23, 45, 24, 1, 11, 52, 17]
197		245807.06382414445		[48, 49, 68, 46, 11, 5, 9, 12, 7, 6, 2, 74, 75, 0, 22, 67, 69, 66, 64, 65, 71, 70, 72, 63, 61, 57, 10, 73, 14, 13, 8, 31, 32, 35, 36, 15, 16, 18, 30, 29, 26, 41, 53, 54, 19, 4, 28, 40, 33, 39, 59, 56, 55, 51, 50, 60, 37, 62, 58, 47, 43, 38, 34, 27, 42, 25, 20, 21, 44, 23, 45, 24, 1, 3, 52, 17]
198		244893.35164360012		[48, 49, 68, 17, 11, 5, 9, 12, 7, 6, 2, 74, 75, 0, 22, 67, 69, 66, 64, 65, 71, 70, 72, 63, 61, 57, 10, 73, 14, 13, 8, 31, 32, 35, 36, 15, 16, 18, 30, 29, 26, 41, 53, 54, 19, 4, 28, 40, 33, 39, 59, 56, 55, 51, 50, 60, 37, 62, 58, 47, 43, 38, 34, 27, 42, 25, 20, 21, 44, 23, 45, 24, 1, 3, 52, 46]
199		241484.20469581443		[68, 49, 48, 17, 11, 5, 9, 12, 7, 6, 2, 74, 75, 0, 22, 67, 69, 66, 64, 65, 71, 70, 72, 63, 61, 57, 10, 73, 14, 13, 8, 31, 32, 35, 36, 15, 16, 18, 30, 29, 26, 41, 53, 54, 19, 4, 28, 40, 33, 39, 59, 56, 55, 51, 50, 60, 37, 62, 58, 47, 43, 38, 34, 27, 42, 25, 20, 21, 44, 23, 45, 24, 1, 3, 52, 46]
200		240749.5826627652		[67, 49, 48, 17, 11, 5, 9, 12, 7, 6, 2, 74, 75, 0, 22, 68, 69, 66, 64, 65, 71, 70, 72, 63, 61, 57, 10, 73, 14, 13, 8, 31, 32, 35, 36, 15, 16, 18, 30, 29, 26, 41, 53, 54, 19, 4, 28, 40, 33, 39, 59, 56, 55, 51, 50, 60, 37, 62, 58, 47, 43, 38, 34, 27, 42, 25, 20, 21, 44, 23, 45, 24, 1, 3, 52, 46]
201		237800.54501435722		[69, 49, 48, 17, 11, 5, 9, 12, 7, 6, 2, 74, 75, 0, 22, 68, 67, 66, 64, 65, 71, 70, 72, 63, 61, 57, 10, 73, 14, 13, 8, 31, 32, 35, 36, 15, 16, 18, 30, 29, 26, 41, 53, 54, 19, 4, 28, 40, 33, 39, 59, 56, 55, 51, 50, 60, 37, 62, 58, 47, 43, 38, 34, 27, 42, 25, 20, 21, 44, 23, 45, 24, 1, 3, 52, 46]
202		237396.6004858108		[69, 49, 58, 17, 11, 5, 9, 12, 7, 6, 2, 74, 75, 0, 22, 68, 67, 66, 64, 65, 71, 70, 72, 63, 61, 57, 10, 73, 14, 13, 8, 31, 32, 35, 36, 15, 16, 18, 30, 29, 26, 41, 53, 54, 19, 4, 28, 40, 33, 39, 59, 56, 55, 51, 50, 60, 37, 62, 48, 47, 43, 38, 34, 27, 42, 25, 20, 21, 44, 23, 45, 24, 1, 3, 52, 46]
203		235330.46527851655		[69, 62, 58, 17, 11, 5, 9, 12, 7, 6, 2, 74, 75, 0, 22, 68, 67, 66, 64, 65, 71, 70, 72, 63, 61, 57, 10, 73, 14, 13, 8, 31, 32, 35, 36, 15, 16, 18, 30, 29, 26, 41, 53, 54, 19, 4, 28, 40, 33, 39, 59, 56, 55, 51, 50, 60, 37, 49, 48, 47, 43, 38, 34, 27, 42, 25, 20, 21, 44, 23, 45, 24, 1, 3, 52, 46]
204		234684.984674266		[64, 62, 58, 17, 11, 5, 9, 12, 7, 6, 2, 74, 75, 0, 22, 68, 67, 66, 69, 65, 71, 70, 72, 63, 61, 57, 10, 73, 14, 13, 8, 31, 32, 35, 36, 15, 16, 18, 30, 29, 26, 41, 53, 54, 19, 4, 28, 40, 33, 39, 59, 56, 55, 51, 50, 60, 37, 49, 48, 47, 43, 38, 34, 27, 42, 25, 20, 21, 44, 23, 45, 24, 1, 3, 52, 46]
205		234271.49513011726		[65, 62, 58, 17, 11, 5, 9, 12, 7, 6, 2, 74, 75, 0, 22, 68, 67, 66, 69, 64, 71, 70, 72, 63, 61, 57, 10, 73, 14, 13, 8, 31, 32, 35, 36, 15, 16, 18, 30, 29, 26, 41, 53, 54, 19, 4, 28, 40, 33, 39, 59, 56, 55, 51, 50, 60, 37, 49, 48, 47, 43, 38, 34, 27, 42, 25, 20, 21, 44, 23, 45, 24, 1, 3, 52, 46]
206		232272.35218060957		[71, 62, 58, 17, 11, 5, 9, 12, 7, 6, 2, 74, 75, 0, 22, 68, 67, 66, 69, 64, 65, 70, 72, 63, 61, 57, 10, 73, 14, 13, 8, 31, 32, 35, 36, 15, 16, 18, 30, 29, 26, 41, 53, 54, 19, 4, 28, 40, 33, 39, 59, 56, 55, 51, 50, 60, 37, 49, 48, 47, 43, 38, 34, 27, 42, 25, 20, 21, 44, 23, 45, 24, 1, 3, 52, 46]
207		231690.47228655274		[70, 62, 58, 17, 11, 5, 9, 12, 7, 6, 2, 74, 75, 0, 22, 68, 67, 66, 69, 64, 65, 71, 72, 63, 61, 57, 10, 73, 14, 13, 8, 31, 32, 35, 36, 15, 16, 18, 30, 29, 26, 41, 53, 54, 19, 4, 28, 40, 33, 39, 59, 56, 55, 51, 50, 60, 37, 49, 48, 47, 43, 38, 34, 27, 42, 25, 20, 21, 44, 23, 45, 24, 1, 3, 52, 46]
208		230907.44025543318		[65, 62, 58, 17, 11, 5, 9, 12, 7, 6, 2, 74, 75, 0, 22, 68, 67, 66, 69, 64, 70, 71, 72, 63, 61, 57, 10, 73, 14, 13, 8, 31, 32, 35, 36, 15, 16, 18, 30, 29, 26, 41, 53, 54, 19, 4, 28, 40, 33, 39, 59, 56, 55, 51, 50, 60, 37, 49, 48, 47, 43, 38, 34, 27, 42, 25, 20, 21, 44, 23, 45, 24, 1, 3, 52, 46]
209		229035.1748193221		[60, 62, 58, 17, 11, 5, 9, 12, 7, 6, 2, 74, 75, 0, 22, 68, 67, 66, 69, 64, 70, 71, 72, 63, 61, 57, 10, 73, 14, 13, 8, 31, 32, 35, 36, 15, 16, 18, 30, 29, 26, 41, 53, 54, 19, 4, 28, 40, 33, 39, 59, 56, 55, 51, 50, 65, 37, 49, 48, 47, 43, 38, 34, 27, 42, 25, 20, 21, 44, 23, 45, 24, 1, 3, 52, 46]
210		227375.31869676788		[62, 60, 58, 17, 11, 5, 9, 12, 7, 6, 2, 74, 75, 0, 22, 68, 67, 66, 69, 64, 70, 71, 72, 63, 61, 57, 10, 73, 14, 13, 8, 31, 32, 35, 36, 15, 16, 18, 30, 29, 26, 41, 53, 54, 19, 4, 28, 40, 33, 39, 59, 56, 55, 51, 50, 65, 37, 49, 48, 47, 43, 38, 34, 27, 42, 25, 20, 21, 44, 23, 45, 24, 1, 3, 52, 46]
211		225036.3582107386		[61, 60, 58, 17, 11, 5, 9, 12, 7, 6, 2, 74, 75, 0, 22, 68, 67, 66, 69, 64, 70, 71, 72, 63, 62, 57, 10, 73, 14, 13, 8, 31, 32, 35, 36, 15, 16, 18, 30, 29, 26, 41, 53, 54, 19, 4, 28, 40, 33, 39, 59, 56, 55, 51, 50, 65, 37, 49, 48, 47, 43, 38, 34, 27, 42, 25, 20, 21, 44, 23, 45, 24, 1, 3, 52, 46]
212		223633.64343989335		[37, 60, 58, 17, 11, 5, 9, 12, 7, 6, 2, 74, 75, 0, 22, 68, 67, 66, 69, 64, 70, 71, 72, 63, 62, 57, 10, 73, 14, 13, 8, 31, 32, 35, 36, 15, 16, 18, 30, 29, 26, 41, 53, 54, 19, 4, 28, 40, 33, 39, 59, 56, 55, 51, 50, 65, 61, 49, 48, 47, 43, 38, 34, 27, 42, 25, 20, 21, 44, 23, 45, 24, 1, 3, 52, 46]
213		220092.7879198645		[58, 60, 37, 17, 11, 5, 9, 12, 7, 6, 2, 74, 75, 0, 22, 68, 67, 66, 69, 64, 70, 71, 72, 63, 62, 57, 10, 73, 14, 13, 8, 31, 32, 35, 36, 15, 16, 18, 30, 29, 26, 41, 53, 54, 19, 4, 28, 40, 33, 39, 59, 56, 55, 51, 50, 65, 61, 49, 48, 47, 43, 38, 34, 27, 42, 25, 20, 21, 44, 23, 45, 24, 1, 3, 52, 46]
214		219090.45386015318		[60, 58, 37, 17, 11, 5, 9, 12, 7, 6, 2, 74, 75, 0, 22, 68, 67, 66, 69, 64, 70, 71, 72, 63, 62, 57, 10, 73, 14, 13, 8, 31, 32, 35, 36, 15, 16, 18, 30, 29, 26, 41, 53, 54, 19, 4, 28, 40, 33, 39, 59, 56, 55, 51, 50, 65, 61, 49, 48, 47, 43, 38, 34, 27, 42, 25, 20, 21, 44, 23, 45, 24, 1, 3, 52, 46]
215		219062.86378956956		[57, 58, 37, 17, 11, 5, 9, 12, 7, 6, 2, 74, 75, 0, 22, 68, 67, 66, 69, 64, 70, 71, 72, 63, 62, 60, 10, 73, 14, 13, 8, 31, 32, 35, 36, 15, 16, 18, 30, 29, 26, 41, 53, 54, 19, 4, 28, 40, 33, 39, 59, 56, 55, 51, 50, 65, 61, 49, 48, 47, 43, 38, 34, 27, 42, 25, 20, 21, 44, 23, 45, 24, 1, 3, 52, 46]
216		218361.7289985531		[59, 58, 37, 17, 11, 5, 9, 12, 7, 6, 2, 74, 75, 0, 22, 68, 67, 66, 69, 64, 70, 71, 72, 63, 62, 60, 10, 73, 14, 13, 8, 31, 32, 35, 36, 15, 16, 18, 30, 29, 26, 41, 53, 54, 19, 4, 28, 40, 33, 39, 57, 56, 55, 51, 50, 65, 61, 49, 48, 47, 43, 38, 34, 27, 42, 25, 20, 21, 44, 23, 45, 24, 1, 3, 52, 46]
217		217840.9036183169		[58, 59, 37, 17, 11, 5, 9, 12, 7, 6, 2, 74, 75, 0, 22, 68, 67, 66, 69, 64, 70, 71, 72, 63, 62, 60, 10, 73, 14, 13, 8, 31, 32, 35, 36, 15, 16, 18, 30, 29, 26, 41, 53, 54, 19, 4, 28, 40, 33, 39, 57, 56, 55, 51, 50, 65, 61, 49, 48, 47, 43, 38, 34, 27, 42, 25, 20, 21, 44, 23, 45, 24, 1, 3, 52, 46]
218		217335.6899507336		[58, 33, 37, 17, 11, 5, 9, 12, 7, 6, 2, 74, 75, 0, 22, 68, 67, 66, 69, 64, 70, 71, 72, 63, 62, 60, 10, 73, 14, 13, 8, 31, 32, 35, 36, 15, 16, 18, 30, 29, 26, 41, 53, 54, 19, 4, 28, 40, 59, 39, 57, 56, 55, 51, 50, 65, 61, 49, 48, 47, 43, 38, 34, 27, 42, 25, 20, 21, 44, 23, 45, 24, 1, 3, 52, 46]
219		216961.35699699682		[40, 33, 37, 17, 11, 5, 9, 12, 7, 6, 2, 74, 75, 0, 22, 68, 67, 66, 69, 64, 70, 71, 72, 63, 62, 60, 10, 73, 14, 13, 8, 31, 32, 35, 36, 15, 16, 18, 30, 29, 26, 41, 53, 54, 19, 4, 28, 58, 59, 39, 57, 56, 55, 51, 50, 65, 61, 49, 48, 47, 43, 38, 34, 27, 42, 25, 20, 21, 44, 23, 45, 24, 1, 3, 52, 46]
220		215110.9935632569		[39, 33, 37, 17, 11, 5, 9, 12, 7, 6, 2, 74, 75, 0, 22, 68, 67, 66, 69, 64, 70, 71, 72, 63, 62, 60, 10, 73, 14, 13, 8, 31, 32, 35, 36, 15, 16, 18, 30, 29, 26, 41, 53, 54, 19, 4, 28, 58, 59, 40, 57, 56, 55, 51, 50, 65, 61, 49, 48, 47, 43, 38, 34, 27, 42, 25, 20, 21, 44, 23, 45, 24, 1, 3, 52, 46]
221		214851.95031431908		[38, 33, 37, 17, 11, 5, 9, 12, 7, 6, 2, 74, 75, 0, 22, 68, 67, 66, 69, 64, 70, 71, 72, 63, 62, 60, 10, 73, 14, 13, 8, 31, 32, 35, 36, 15, 16, 18, 30, 29, 26, 41, 53, 54, 19, 4, 28, 58, 59, 40, 57, 56, 55, 51, 50, 65, 61, 49, 48, 47, 43, 39, 34, 27, 42, 25, 20, 21, 44, 23, 45, 24, 1, 3, 52, 46]
222		213713.87822650533		[33, 38, 37, 17, 11, 5, 9, 12, 7, 6, 2, 74, 75, 0, 22, 68, 67, 66, 69, 64, 70, 71, 72, 63, 62, 60, 10, 73, 14, 13, 8, 31, 32, 35, 36, 15, 16, 18, 30, 29, 26, 41, 53, 54, 19, 4, 28, 58, 59, 40, 57, 56, 55, 51, 50, 65, 61, 49, 48, 47, 43, 39, 34, 27, 42, 25, 20, 21, 44, 23, 45, 24, 1, 3, 52, 46]
223		211881.93725603764		[39, 38, 37, 17, 11, 5, 9, 12, 7, 6, 2, 74, 75, 0, 22, 68, 67, 66, 69, 64, 70, 71, 72, 63, 62, 60, 10, 73, 14, 13, 8, 31, 32, 35, 36, 15, 16, 18, 30, 29, 26, 41, 53, 54, 19, 4, 28, 58, 59, 40, 57, 56, 55, 51, 50, 65, 61, 49, 48, 47, 43, 33, 34, 27, 42, 25, 20, 21, 44, 23, 45, 24, 1, 3, 52, 46]
224		211536.56996141645		[39, 38, 37, 10, 11, 5, 9, 12, 7, 6, 2, 74, 75, 0, 22, 68, 67, 66, 69, 64, 70, 71, 72, 63, 62, 60, 17, 73, 14, 13, 8, 31, 32, 35, 36, 15, 16, 18, 30, 29, 26, 41, 53, 54, 19, 4, 28, 58, 59, 40, 57, 56, 55, 51, 50, 65, 61, 49, 48, 47, 43, 33, 34, 27, 42, 25, 20, 21, 44, 23, 45, 24, 1, 3, 52, 46]
225		211397.45199587624		[39, 38, 17, 10, 11, 5, 9, 12, 7, 6, 2, 74, 75, 0, 22, 68, 67, 66, 69, 64, 70, 71, 72, 63, 62, 60, 37, 73, 14, 13, 8, 31, 32, 35, 36, 15, 16, 18, 30, 29, 26, 41, 53, 54, 19, 4, 28, 58, 59, 40, 57, 56, 55, 51, 50, 65, 61, 49, 48, 47, 43, 33, 34, 27, 42, 25, 20, 21, 44, 23, 45, 24, 1, 3, 52, 46]
226		210782.82925080208		[37, 38, 17, 10, 11, 5, 9, 12, 7, 6, 2, 74, 75, 0, 22, 68, 67, 66, 69, 64, 70, 71, 72, 63, 62, 60, 39, 73, 14, 13, 8, 31, 32, 35, 36, 15, 16, 18, 30, 29, 26, 41, 53, 54, 19, 4, 28, 58, 59, 40, 57, 56, 55, 51, 50, 65, 61, 49, 48, 47, 43, 33, 34, 27, 42, 25, 20, 21, 44, 23, 45, 24, 1, 3, 52, 46]
227		210109.20694355524		[38, 37, 17, 10, 11, 5, 9, 12, 7, 6, 2, 74, 75, 0, 22, 68, 67, 66, 69, 64, 70, 71, 72, 63, 62, 60, 39, 73, 14, 13, 8, 31, 32, 35, 36, 15, 16, 18, 30, 29, 26, 41, 53, 54, 19, 4, 28, 58, 59, 40, 57, 56, 55, 51, 50, 65, 61, 49, 48, 47, 43, 33, 34, 27, 42, 25, 20, 21, 44, 23, 45, 24, 1, 3, 52, 46]
228		209816.51814928956		[73, 37, 17, 10, 11, 5, 9, 12, 7, 6, 2, 74, 75, 0, 22, 68, 67, 66, 69, 64, 70, 71, 72, 63, 62, 60, 39, 38, 14, 13, 8, 31, 32, 35, 36, 15, 16, 18, 30, 29, 26, 41, 53, 54, 19, 4, 28, 58, 59, 40, 57, 56, 55, 51, 50, 65, 61, 49, 48, 47, 43, 33, 34, 27, 42, 25, 20, 21, 44, 23, 45, 24, 1, 3, 52, 46]
229		205407.20758430168		[73, 14, 17, 10, 11, 5, 9, 12, 7, 6, 2, 74, 75, 0, 22, 68, 67, 66, 69, 64, 70, 71, 72, 63, 62, 60, 39, 38, 37, 13, 8, 31, 32, 35, 36, 15, 16, 18, 30, 29, 26, 41, 53, 54, 19, 4, 28, 58, 59, 40, 57, 56, 55, 51, 50, 65, 61, 49, 48, 47, 43, 33, 34, 27, 42, 25, 20, 21, 44, 23, 45, 24, 1, 3, 52, 46]
230		204132.43461312077		[73, 13, 17, 10, 11, 5, 9, 12, 7, 6, 2, 74, 75, 0, 22, 68, 67, 66, 69, 64, 70, 71, 72, 63, 62, 60, 39, 38, 37, 14, 8, 31, 32, 35, 36, 15, 16, 18, 30, 29, 26, 41, 53, 54, 19, 4, 28, 58, 59, 40, 57, 56, 55, 51, 50, 65, 61, 49, 48, 47, 43, 33, 34, 27, 42, 25, 20, 21, 44, 23, 45, 24, 1, 3, 52, 46]
231		203401.976623463		[73, 13, 11, 10, 17, 5, 9, 12, 7, 6, 2, 74, 75, 0, 22, 68, 67, 66, 69, 64, 70, 71, 72, 63, 62, 60, 39, 38, 37, 14, 8, 31, 32, 35, 36, 15, 16, 18, 30, 29, 26, 41, 53, 54, 19, 4, 28, 58, 59, 40, 57, 56, 55, 51, 50, 65, 61, 49, 48, 47, 43, 33, 34, 27, 42, 25, 20, 21, 44, 23, 45, 24, 1, 3, 52, 46]
232		201718.74606731118		[73, 13, 12, 10, 17, 5, 9, 11, 7, 6, 2, 74, 75, 0, 22, 68, 67, 66, 69, 64, 70, 71, 72, 63, 62, 60, 39, 38, 37, 14, 8, 31, 32, 35, 36, 15, 16, 18, 30, 29, 26, 41, 53, 54, 19, 4, 28, 58, 59, 40, 57, 56, 55, 51, 50, 65, 61, 49, 48, 47, 43, 33, 34, 27, 42, 25, 20, 21, 44, 23, 45, 24, 1, 3, 52, 46]
233		201669.77311340996		[73, 13, 12, 17, 10, 5, 9, 11, 7, 6, 2, 74, 75, 0, 22, 68, 67, 66, 69, 64, 70, 71, 72, 63, 62, 60, 39, 38, 37, 14, 8, 31, 32, 35, 36, 15, 16, 18, 30, 29, 26, 41, 53, 54, 19, 4, 28, 58, 59, 40, 57, 56, 55, 51, 50, 65, 61, 49, 48, 47, 43, 33, 34, 27, 42, 25, 20, 21, 44, 23, 45, 24, 1, 3, 52, 46]
234		197199.67341858937		[73, 13, 12, 14, 10, 5, 9, 11, 7, 6, 2, 74, 75, 0, 22, 68, 67, 66, 69, 64, 70, 71, 72, 63, 62, 60, 39, 38, 37, 17, 8, 31, 32, 35, 36, 15, 16, 18, 30, 29, 26, 41, 53, 54, 19, 4, 28, 58, 59, 40, 57, 56, 55, 51, 50, 65, 61, 49, 48, 47, 43, 33, 34, 27, 42, 25, 20, 21, 44, 23, 45, 24, 1, 3, 52, 46]
235		197176.8704401589		[73, 13, 12, 14, 11, 5, 9, 10, 7, 6, 2, 74, 75, 0, 22, 68, 67, 66, 69, 64, 70, 71, 72, 63, 62, 60, 39, 38, 37, 17, 8, 31, 32, 35, 36, 15, 16, 18, 30, 29, 26, 41, 53, 54, 19, 4, 28, 58, 59, 40, 57, 56, 55, 51, 50, 65, 61, 49, 48, 47, 43, 33, 34, 27, 42, 25, 20, 21, 44, 23, 45, 24, 1, 3, 52, 46]
236		196980.7394297798		[73, 13, 12, 14, 8, 5, 9, 10, 7, 6, 2, 74, 75, 0, 22, 68, 67, 66, 69, 64, 70, 71, 72, 63, 62, 60, 39, 38, 37, 17, 11, 31, 32, 35, 36, 15, 16, 18, 30, 29, 26, 41, 53, 54, 19, 4, 28, 58, 59, 40, 57, 56, 55, 51, 50, 65, 61, 49, 48, 47, 43, 33, 34, 27, 42, 25, 20, 21, 44, 23, 45, 24, 1, 3, 52, 46]
237		195431.60211163087		[73, 13, 12, 11, 8, 5, 9, 10, 7, 6, 2, 74, 75, 0, 22, 68, 67, 66, 69, 64, 70, 71, 72, 63, 62, 60, 39, 38, 37, 17, 14, 31, 32, 35, 36, 15, 16, 18, 30, 29, 26, 41, 53, 54, 19, 4, 28, 58, 59, 40, 57, 56, 55, 51, 50, 65, 61, 49, 48, 47, 43, 33, 34, 27, 42, 25, 20, 21, 44, 23, 45, 24, 1, 3, 52, 46]
238		194046.41842286594		[73, 13, 12, 11, 10, 5, 9, 8, 7, 6, 2, 74, 75, 0, 22, 68, 67, 66, 69, 64, 70, 71, 72, 63, 62, 60, 39, 38, 37, 17, 14, 31, 32, 35, 36, 15, 16, 18, 30, 29, 26, 41, 53, 54, 19, 4, 28, 58, 59, 40, 57, 56, 55, 51, 50, 65, 61, 49, 48, 47, 43, 33, 34, 27, 42, 25, 20, 21, 44, 23, 45, 24, 1, 3, 52, 46]
239		193591.802735701		[73, 13, 12, 11, 14, 5, 9, 8, 7, 6, 2, 74, 75, 0, 22, 68, 67, 66, 69, 64, 70, 71, 72, 63, 62, 60, 39, 38, 37, 17, 10, 31, 32, 35, 36, 15, 16, 18, 30, 29, 26, 41, 53, 54, 19, 4, 28, 58, 59, 40, 57, 56, 55, 51, 50, 65, 61, 49, 48, 47, 43, 33, 34, 27, 42, 25, 20, 21, 44, 23, 45, 24, 1, 3, 52, 46]
240		192215.12163517516		[73, 13, 12, 14, 11, 5, 9, 8, 7, 6, 2, 74, 75, 0, 22, 68, 67, 66, 69, 64, 70, 71, 72, 63, 62, 60, 39, 38, 37, 17, 10, 31, 32, 35, 36, 15, 16, 18, 30, 29, 26, 41, 53, 54, 19, 4, 28, 58, 59, 40, 57, 56, 55, 51, 50, 65, 61, 49, 48, 47, 43, 33, 34, 27, 42, 25, 20, 21, 44, 23, 45, 24, 1, 3, 52, 46]
241		191770.35336954668		[73, 13, 12, 14, 11, 9, 5, 8, 7, 6, 2, 74, 75, 0, 22, 68, 67, 66, 69, 64, 70, 71, 72, 63, 62, 60, 39, 38, 37, 17, 10, 31, 32, 35, 36, 15, 16, 18, 30, 29, 26, 41, 53, 54, 19, 4, 28, 58, 59, 40, 57, 56, 55, 51, 50, 65, 61, 49, 48, 47, 43, 33, 34, 27, 42, 25, 20, 21, 44, 23, 45, 24, 1, 3, 52, 46]
242		190246.46180447287		[73, 13, 12, 14, 11, 9, 8, 5, 7, 6, 2, 74, 75, 0, 22, 68, 67, 66, 69, 64, 70, 71, 72, 63, 62, 60, 39, 38, 37, 17, 10, 31, 32, 35, 36, 15, 16, 18, 30, 29, 26, 41, 53, 54, 19, 4, 28, 58, 59, 40, 57, 56, 55, 51, 50, 65, 61, 49, 48, 47, 43, 33, 34, 27, 42, 25, 20, 21, 44, 23, 45, 24, 1, 3, 52, 46]
243		186052.00817836166		[73, 13, 12, 14, 11, 9, 8, 5, 7, 6, 1, 74, 75, 0, 22, 68, 67, 66, 69, 64, 70, 71, 72, 63, 62, 60, 39, 38, 37, 17, 10, 31, 32, 35, 36, 15, 16, 18, 30, 29, 26, 41, 53, 54, 19, 4, 28, 58, 59, 40, 57, 56, 55, 51, 50, 65, 61, 49, 48, 47, 43, 33, 34, 27, 42, 25, 20, 21, 44, 23, 45, 24, 2, 3, 52, 46]
244		185822.92447484468		[73, 13, 12, 14, 11, 9, 8, 5, 6, 7, 1, 74, 75, 0, 22, 68, 67, 66, 69, 64, 70, 71, 72, 63, 62, 60, 39, 38, 37, 17, 10, 31, 32, 35, 36, 15, 16, 18, 30, 29, 26, 41, 53, 54, 19, 4, 28, 58, 59, 40, 57, 56, 55, 51, 50, 65, 61, 49, 48, 47, 43, 33, 34, 27, 42, 25, 20, 21, 44, 23, 45, 24, 2, 3, 52, 46]
245		182425.4858081254		[73, 13, 12, 14, 11, 9, 8, 5, 6, 7, 1, 74, 75, 0, 44, 68, 67, 66, 69, 64, 70, 71, 72, 63, 62, 60, 39, 38, 37, 17, 10, 31, 32, 35, 36, 15, 16, 18, 30, 29, 26, 41, 53, 54, 19, 4, 28, 58, 59, 40, 57, 56, 55, 51, 50, 65, 61, 49, 48, 47, 43, 33, 34, 27, 42, 25, 20, 21, 22, 23, 45, 24, 2, 3, 52, 46]
246		182015.45704758522		[73, 13, 12, 14, 11, 9, 8, 5, 6, 7, 1, 74, 75, 0, 44, 68, 67, 69, 66, 64, 70, 71, 72, 63, 62, 60, 39, 38, 37, 17, 10, 31, 32, 35, 36, 15, 16, 18, 30, 29, 26, 41, 53, 54, 19, 4, 28, 58, 59, 40, 57, 56, 55, 51, 50, 65, 61, 49, 48, 47, 43, 33, 34, 27, 42, 25, 20, 21, 22, 23, 45, 24, 2, 3, 52, 46]
247		180102.79092350358		[73, 13, 12, 14, 11, 9, 8, 5, 6, 7, 1, 74, 75, 0, 44, 68, 67, 69, 66, 61, 70, 71, 72, 63, 62, 60, 39, 38, 37, 17, 10, 31, 32, 35, 36, 15, 16, 18, 30, 29, 26, 41, 53, 54, 19, 4, 28, 58, 59, 40, 57, 56, 55, 51, 50, 65, 64, 49, 48, 47, 43, 33, 34, 27, 42, 25, 20, 21, 22, 23, 45, 24, 2, 3, 52, 46]
248		179691.13601221325		[73, 13, 12, 14, 11, 9, 8, 5, 6, 7, 1, 74, 75, 0, 44, 68, 67, 69, 66, 63, 70, 71, 72, 61, 62, 60, 39, 38, 37, 17, 10, 31, 32, 35, 36, 15, 16, 18, 30, 29, 26, 41, 53, 54, 19, 4, 28, 58, 59, 40, 57, 56, 55, 51, 50, 65, 64, 49, 48, 47, 43, 33, 34, 27, 42, 25, 20, 21, 22, 23, 45, 24, 2, 3, 52, 46]
249		177242.44436464435		[73, 13, 12, 14, 11, 9, 8, 5, 6, 7, 1, 74, 75, 0, 44, 68, 67, 69, 66, 63, 70, 71, 72, 62, 61, 60, 39, 38, 37, 17, 10, 31, 32, 35, 36, 15, 16, 18, 30, 29, 26, 41, 53, 54, 19, 4, 28, 58, 59, 40, 57, 56, 55, 51, 50, 65, 64, 49, 48, 47, 43, 33, 34, 27, 42, 25, 20, 21, 22, 23, 45, 24, 2, 3, 52, 46]
250		177172.9796255607		[73, 13, 12, 14, 11, 9, 8, 5, 6, 7, 1, 74, 75, 0, 44, 68, 67, 69, 66, 63, 72, 71, 70, 62, 61, 60, 39, 38, 37, 17, 10, 31, 32, 35, 36, 15, 16, 18, 30, 29, 26, 41, 53, 54, 19, 4, 28, 58, 59, 40, 57, 56, 55, 51, 50, 65, 64, 49, 48, 47, 43, 33, 34, 27, 42, 25, 20, 21, 22, 23, 45, 24, 2, 3, 52, 46]
251		173991.22460686543		[73, 13, 12, 14, 11, 9, 8, 5, 6, 7, 1, 74, 75, 0, 44, 68, 67, 69, 66, 70, 72, 71, 63, 62, 61, 60, 39, 38, 37, 17, 10, 31, 32, 35, 36, 15, 16, 18, 30, 29, 26, 41, 53, 54, 19, 4, 28, 58, 59, 40, 57, 56, 55, 51, 50, 65, 64, 49, 48, 47, 43, 33, 34, 27, 42, 25, 20, 21, 22, 23, 45, 24, 2, 3, 52, 46]
252		173096.7290856848		[73, 13, 12, 14, 11, 9, 8, 5, 6, 7, 1, 74, 75, 0, 44, 68, 67, 66, 69, 70, 72, 71, 63, 62, 61, 60, 39, 38, 37, 17, 10, 31, 32, 35, 36, 15, 16, 18, 30, 29, 26, 41, 53, 54, 19, 4, 28, 58, 59, 40, 57, 56, 55, 51, 50, 65, 64, 49, 48, 47, 43, 33, 34, 27, 42, 25, 20, 21, 22, 23, 45, 24, 2, 3, 52, 46]
253		172899.9052901729		[73, 13, 12, 14, 11, 9, 8, 5, 6, 7, 1, 74, 75, 0, 44, 68, 67, 66, 69, 70, 71, 72, 63, 62, 61, 60, 39, 38, 37, 17, 10, 31, 32, 35, 36, 15, 16, 18, 30, 29, 26, 41, 53, 54, 19, 4, 28, 58, 59, 40, 57, 56, 55, 51, 50, 65, 64, 49, 48, 47, 43, 33, 34, 27, 42, 25, 20, 21, 22, 23, 45, 24, 2, 3, 52, 46]
254		172547.3216648288		[73, 13, 12, 14, 11, 9, 8, 5, 6, 7, 1, 74, 75, 0, 44, 68, 67, 66, 69, 70, 71, 72, 63, 62, 61, 60, 58, 38, 37, 17, 10, 31, 32, 35, 36, 15, 16, 18, 30, 29, 26, 41, 53, 54, 19, 4, 28, 39, 59, 40, 57, 56, 55, 51, 50, 65, 64, 49, 48, 47, 43, 33, 34, 27, 42, 25, 20, 21, 22, 23, 45, 24, 2, 3, 52, 46]
255		171369.6512231013		[73, 13, 12, 14, 11, 9, 8, 5, 6, 7, 1, 74, 75, 0, 44, 68, 67, 66, 69, 70, 71, 72, 63, 62, 61, 60, 40, 38, 37, 17, 10, 31, 32, 35, 36, 15, 16, 18, 30, 29, 26, 41, 53, 54, 19, 4, 28, 39, 59, 58, 57, 56, 55, 51, 50, 65, 64, 49, 48, 47, 43, 33, 34, 27, 42, 25, 20, 21, 22, 23, 45, 24, 2, 3, 52, 46]
256		171344.0948357887		[73, 13, 12, 14, 11, 9, 8, 5, 6, 7, 1, 74, 75, 0, 44, 68, 67, 66, 69, 70, 71, 72, 63, 62, 61, 60, 39, 38, 37, 17, 10, 31, 32, 35, 36, 15, 16, 18, 30, 29, 26, 41, 53, 54, 19, 4, 28, 40, 59, 58, 57, 56, 55, 51, 50, 65, 64, 49, 48, 47, 43, 33, 34, 27, 42, 25, 20, 21, 22, 23, 45, 24, 2, 3, 52, 46]
257		169987.88414583262		[73, 13, 12, 14, 11, 9, 8, 5, 6, 7, 1, 74, 75, 0, 44, 68, 67, 66, 69, 70, 71, 72, 63, 62, 61, 60, 39, 38, 37, 15, 10, 31, 32, 35, 36, 17, 16, 18, 30, 29, 26, 41, 53, 54, 19, 4, 28, 40, 59, 58, 57, 56, 55, 51, 50, 65, 64, 49, 48, 47, 43, 33, 34, 27, 42, 25, 20, 21, 22, 23, 45, 24, 2, 3, 52, 46]
258		169796.8056621728		[73, 13, 12, 14, 11, 9, 8, 5, 6, 7, 1, 74, 75, 0, 44, 68, 67, 66, 69, 70, 71, 72, 63, 62, 61, 60, 39, 38, 37, 15, 10, 34, 32, 35, 36, 17, 16, 18, 30, 29, 26, 41, 53, 54, 19, 4, 28, 40, 59, 58, 57, 56, 55, 51, 50, 65, 64, 49, 48, 47, 43, 33, 31, 27, 42, 25, 20, 21, 22, 23, 45, 24, 2, 3, 52, 46]
259		169673.70643768972		[73, 13, 12, 14, 11, 9, 8, 5, 6, 7, 1, 74, 75, 0, 44, 68, 67, 66, 69, 70, 71, 72, 63, 62, 61, 60, 39, 38, 37, 15, 16, 34, 32, 35, 36, 17, 10, 18, 30, 29, 26, 41, 53, 54, 19, 4, 28, 40, 59, 58, 57, 56, 55, 51, 50, 65, 64, 49, 48, 47, 43, 33, 31, 27, 42, 25, 20, 21, 22, 23, 45, 24, 2, 3, 52, 46]
260		168735.74029206805		[73, 13, 12, 14, 11, 9, 8, 5, 6, 7, 1, 74, 75, 0, 44, 68, 67, 66, 69, 70, 71, 72, 63, 62, 61, 60, 39, 38, 37, 17, 16, 34, 32, 35, 36, 15, 10, 18, 30, 29, 26, 41, 53, 54, 19, 4, 28, 40, 59, 58, 57, 56, 55, 51, 50, 65, 64, 49, 48, 47, 43, 33, 31, 27, 42, 25, 20, 21, 22, 23, 45, 24, 2, 3, 52, 46]
261		167718.97688055283		[73, 13, 12, 14, 11, 9, 8, 5, 6, 7, 1, 74, 75, 0, 44, 68, 67, 66, 69, 70, 71, 72, 63, 62, 61, 60, 39, 38, 37, 17, 36, 34, 32, 35, 16, 15, 10, 18, 30, 29, 26, 41, 53, 54, 19, 4, 28, 40, 59, 58, 57, 56, 55, 51, 50, 65, 64, 49, 48, 47, 43, 33, 31, 27, 42, 25, 20, 21, 22, 23, 45, 24, 2, 3, 52, 46]
262		167687.36704477645		[73, 13, 12, 14, 11, 9, 8, 5, 6, 7, 1, 74, 75, 0, 44, 68, 67, 66, 69, 70, 71, 72, 63, 62, 61, 60, 39, 38, 37, 36, 17, 34, 32, 35, 16, 15, 10, 18, 30, 29, 26, 41, 53, 54, 19, 4, 28, 40, 59, 58, 57, 56, 55, 51, 50, 65, 64, 49, 48, 47, 43, 33, 31, 27, 42, 25, 20, 21, 22, 23, 45, 24, 2, 3, 52, 46]
263		166481.96648058243		[73, 13, 12, 14, 11, 9, 8, 5, 6, 7, 1, 74, 75, 0, 44, 68, 67, 66, 69, 70, 71, 72, 63, 62, 61, 60, 39, 38, 37, 36, 35, 34, 32, 17, 16, 15, 10, 18, 30, 29, 26, 41, 53, 54, 19, 4, 28, 40, 59, 58, 57, 56, 55, 51, 50, 65, 64, 49, 48, 47, 43, 33, 31, 27, 42, 25, 20, 21, 22, 23, 45, 24, 2, 3, 52, 46]
264		162540.9533911124		[73, 13, 12, 14, 11, 9, 8, 5, 6, 7, 1, 74, 75, 0, 44, 68, 67, 66, 69, 70, 71, 72, 63, 62, 61, 60, 39, 38, 37, 36, 35, 34, 33, 17, 16, 15, 10, 18, 30, 29, 26, 41, 53, 54, 19, 4, 28, 40, 59, 58, 57, 56, 55, 51, 50, 65, 64, 49, 48, 47, 43, 32, 31, 27, 42, 25, 20, 21, 22, 23, 45, 24, 2, 3, 52, 46]
265		162154.66489662378		[73, 13, 12, 14, 11, 9, 8, 5, 6, 7, 1, 74, 75, 0, 44, 68, 67, 66, 69, 70, 71, 72, 63, 62, 61, 60, 39, 38, 37, 33, 35, 34, 36, 17, 16, 15, 10, 18, 30, 29, 26, 41, 53, 54, 19, 4, 28, 40, 59, 58, 57, 56, 55, 51, 50, 65, 64, 49, 48, 47, 43, 32, 31, 27, 42, 25, 20, 21, 22, 23, 45, 24, 2, 3, 52, 46]
266		161769.79818112502		[73, 13, 12, 14, 11, 9, 8, 5, 6, 7, 1, 74, 75, 0, 44, 68, 67, 66, 69, 70, 71, 72, 63, 62, 61, 60, 39, 33, 37, 38, 35, 34, 36, 17, 16, 15, 10, 18, 30, 29, 26, 41, 53, 54, 19, 4, 28, 40, 59, 58, 57, 56, 55, 51, 50, 65, 64, 49, 48, 47, 43, 32, 31, 27, 42, 25, 20, 21, 22, 23, 45, 24, 2, 3, 52, 46]
267		160942.0150099218		[73, 13, 12, 14, 11, 9, 8, 5, 6, 7, 1, 74, 75, 0, 44, 68, 67, 66, 69, 70, 71, 72, 63, 62, 61, 60, 39, 33, 38, 37, 35, 34, 36, 17, 16, 15, 10, 18, 30, 29, 26, 41, 53, 54, 19, 4, 28, 40, 59, 58, 57, 56, 55, 51, 50, 65, 64, 49, 48, 47, 43, 32, 31, 27, 42, 25, 20, 21, 22, 23, 45, 24, 2, 3, 52, 46]
268		160028.84365863944		[73, 13, 12, 14, 11, 9, 8, 5, 6, 7, 1, 74, 75, 0, 44, 68, 67, 66, 69, 70, 71, 72, 63, 62, 61, 60, 39, 33, 38, 37, 34, 35, 36, 17, 16, 15, 10, 18, 30, 29, 26, 41, 53, 54, 19, 4, 28, 40, 59, 58, 57, 56, 55, 51, 50, 65, 64, 49, 48, 47, 43, 32, 31, 27, 42, 25, 20, 21, 22, 23, 45, 24, 2, 3, 52, 46]
269		159378.94683522024		[73, 13, 12, 14, 11, 9, 8, 5, 6, 7, 1, 74, 75, 0, 44, 68, 67, 66, 69, 70, 71, 72, 63, 62, 61, 60, 39, 33, 38, 37, 34, 35, 36, 17, 16, 15, 10, 4, 30, 29, 26, 41, 53, 54, 19, 18, 28, 40, 59, 58, 57, 56, 55, 51, 50, 65, 64, 49, 48, 47, 43, 32, 31, 27, 42, 25, 20, 21, 22, 23, 45, 24, 2, 3, 52, 46]
270		157901.14609981107		[73, 13, 12, 14, 11, 9, 8, 5, 6, 7, 1, 74, 75, 0, 44, 68, 67, 66, 69, 70, 71, 72, 63, 62, 61, 60, 39, 33, 38, 37, 34, 35, 36, 17, 16, 15, 10, 4, 19, 29, 26, 41, 53, 54, 30, 18, 28, 40, 59, 58, 57, 56, 55, 51, 50, 65, 64, 49, 48, 47, 43, 32, 31, 27, 42, 25, 20, 21, 22, 23, 45, 24, 2, 3, 52, 46]
271		156964.65347369667		[73, 13, 12, 14, 11, 9, 8, 5, 6, 7, 1, 74, 75, 0, 44, 68, 67, 66, 69, 70, 71, 72, 63, 62, 61, 60, 39, 33, 38, 37, 34, 35, 36, 17, 16, 15, 10, 4, 19, 18, 26, 41, 53, 54, 30, 29, 28, 40, 59, 58, 57, 56, 55, 51, 50, 65, 64, 49, 48, 47, 43, 32, 31, 27, 42, 25, 20, 21, 22, 23, 45, 24, 2, 3, 52, 46]
272		156058.61180263688		[73, 13, 12, 14, 11, 9, 8, 5, 6, 7, 1, 74, 75, 0, 44, 68, 67, 66, 69, 70, 71, 72, 63, 62, 61, 60, 39, 33, 38, 37, 34, 35, 36, 17, 16, 15, 10, 4, 19, 18, 30, 41, 53, 54, 26, 29, 28, 40, 59, 58, 57, 56, 55, 51, 50, 65, 64, 49, 48, 47, 43, 32, 31, 27, 42, 25, 20, 21, 22, 23, 45, 24, 2, 3, 52, 46]
273		155853.76076340204		[73, 13, 12, 14, 11, 9, 8, 5, 6, 7, 1, 74, 75, 0, 44, 68, 67, 66, 69, 70, 71, 72, 63, 62, 61, 60, 39, 33, 38, 37, 34, 35, 36, 17, 16, 15, 10, 4, 19, 18, 52, 41, 53, 54, 26, 29, 28, 40, 59, 58, 57, 56, 55, 51, 50, 65, 64, 49, 48, 47, 43, 32, 31, 27, 42, 25, 20, 21, 22, 23, 45, 24, 2, 3, 30, 46]
274		154791.54717548445		[73, 13, 12, 14, 11, 9, 8, 5, 6, 7, 1, 74, 75, 0, 46, 68, 67, 66, 69, 70, 71, 72, 63, 62, 61, 60, 39, 33, 38, 37, 34, 35, 36, 17, 16, 15, 10, 4, 19, 18, 52, 41, 53, 54, 26, 29, 28, 40, 59, 58, 57, 56, 55, 51, 50, 65, 64, 49, 48, 47, 43, 32, 31, 27, 42, 25, 20, 21, 22, 23, 45, 24, 2, 3, 30, 44]
275		154647.51872113138		[73, 13, 12, 14, 11, 9, 8, 5, 6, 7, 1, 74, 75, 0, 46, 68, 67, 66, 69, 70, 71, 72, 63, 62, 61, 60, 39, 33, 38, 37, 34, 35, 36, 17, 16, 15, 10, 4, 19, 30, 52, 41, 53, 54, 26, 29, 28, 40, 59, 58, 57, 56, 55, 51, 50, 65, 64, 49, 48, 47, 43, 32, 31, 27, 42, 25, 20, 21, 22, 23, 45, 24, 2, 3, 18, 44]
276		154183.86591043734		[73, 13, 12, 14, 11, 9, 8, 5, 6, 7, 1, 74, 75, 44, 46, 68, 67, 66, 69, 70, 71, 72, 63, 62, 61, 60, 39, 33, 38, 37, 34, 35, 36, 17, 16, 15, 10, 4, 19, 30, 52, 41, 53, 54, 26, 29, 28, 40, 59, 58, 57, 56, 55, 51, 50, 65, 64, 49, 48, 47, 43, 32, 31, 27, 42, 25, 20, 21, 22, 23, 45, 24, 2, 3, 18, 0]
277		153438.7966190931		[73, 13, 12, 14, 11, 9, 8, 5, 6, 0, 1, 74, 75, 44, 46, 68, 67, 66, 69, 70, 71, 72, 63, 62, 61, 60, 39, 33, 38, 37, 34, 35, 36, 17, 16, 15, 10, 4, 19, 30, 52, 41, 53, 54, 26, 29, 28, 40, 59, 58, 57, 56, 55, 51, 50, 65, 64, 49, 48, 47, 43, 32, 31, 27, 42, 25, 20, 21, 22, 23, 45, 24, 2, 3, 18, 7]
278		152363.1460310263		[73, 13, 12, 14, 11, 9, 8, 7, 6, 0, 1, 74, 75, 44, 46, 68, 67, 66, 69, 70, 71, 72, 63, 62, 61, 60, 39, 33, 38, 37, 34, 35, 36, 17, 16, 15, 10, 4, 19, 30, 52, 41, 53, 54, 26, 29, 28, 40, 59, 58, 57, 56, 55, 51, 50, 65, 64, 49, 48, 47, 43, 32, 31, 27, 42, 25, 20, 21, 22, 23, 45, 24, 2, 3, 18, 5]
279		151362.72976580777		[73, 13, 12, 14, 11, 9, 8, 7, 6, 1, 0, 74, 75, 44, 46, 68, 67, 66, 69, 70, 71, 72, 63, 62, 61, 60, 39, 33, 38, 37, 34, 35, 36, 17, 16, 15, 10, 4, 19, 30, 52, 41, 53, 54, 26, 29, 28, 40, 59, 58, 57, 56, 55, 51, 50, 65, 64, 49, 48, 47, 43, 32, 31, 27, 42, 25, 20, 21, 22, 23, 45, 24, 2, 3, 18, 5]
280		150573.5337208732		[73, 13, 12, 14, 11, 9, 8, 7, 6, 1, 75, 74, 0, 44, 46, 68, 67, 66, 69, 70, 71, 72, 63, 62, 61, 60, 39, 33, 38, 37, 34, 35, 36, 17, 16, 15, 10, 4, 19, 30, 52, 41, 53, 54, 26, 29, 28, 40, 59, 58, 57, 56, 55, 51, 50, 65, 64, 49, 48, 47, 43, 32, 31, 27, 42, 25, 20, 21, 22, 23, 45, 24, 2, 3, 18, 5]
281		150495.38028144653		[73, 13, 12, 14, 11, 9, 8, 7, 6, 1, 74, 75, 0, 44, 46, 68, 67, 66, 69, 70, 71, 72, 63, 62, 61, 60, 39, 33, 38, 37, 34, 35, 36, 17, 16, 15, 10, 4, 19, 30, 52, 41, 53, 54, 26, 29, 28, 40, 59, 58, 57, 56, 55, 51, 50, 65, 64, 49, 48, 47, 43, 32, 31, 27, 42, 25, 20, 21, 22, 23, 45, 24, 2, 3, 18, 5]
282		147733.40848574077		[73, 13, 12, 14, 11, 9, 8, 7, 6, 1, 74, 75, 0, 44, 46, 68, 67, 66, 69, 70, 71, 72, 63, 62, 61, 60, 39, 33, 38, 37, 34, 35, 36, 17, 16, 15, 10, 18, 19, 30, 52, 41, 53, 54, 26, 29, 28, 40, 59, 58, 57, 56, 55, 51, 50, 65, 64, 49, 48, 47, 43, 32, 31, 27, 42, 25, 20, 21, 22, 23, 45, 24, 2, 3, 4, 5]
283		147046.06431375153		[73, 13, 12, 14, 11, 9, 8, 7, 6, 1, 74, 75, 0, 44, 46, 68, 67, 66, 69, 70, 71, 72, 63, 62, 61, 60, 39, 33, 38, 37, 34, 35, 36, 17, 16, 15, 10, 19, 18, 30, 52, 41, 53, 54, 26, 29, 28, 40, 59, 58, 57, 56, 55, 51, 50, 65, 64, 49, 48, 47, 43, 32, 31, 27, 42, 25, 20, 21, 22, 23, 45, 24, 2, 3, 4, 5]
284		146020.59506034863		[73, 13, 12, 14, 11, 9, 8, 7, 6, 1, 74, 75, 0, 44, 46, 68, 67, 66, 69, 70, 71, 72, 63, 62, 61, 60, 39, 33, 38, 37, 34, 35, 36, 17, 16, 15, 10, 19, 18, 30, 41, 52, 53, 54, 26, 29, 28, 40, 59, 58, 57, 56, 55, 51, 50, 65, 64, 49, 48, 47, 43, 32, 31, 27, 42, 25, 20, 21, 22, 23, 45, 24, 2, 3, 4, 5]
285		145154.32676454645		[73, 13, 12, 14, 11, 9, 8, 7, 6, 1, 74, 75, 0, 44, 46, 68, 67, 66, 69, 70, 71, 72, 63, 62, 61, 60, 39, 33, 38, 37, 34, 35, 36, 17, 16, 15, 10, 19, 18, 30, 54, 52, 53, 41, 26, 29, 28, 40, 59, 58, 57, 56, 55, 51, 50, 65, 64, 49, 48, 47, 43, 32, 31, 27, 42, 25, 20, 21, 22, 23, 45, 24, 2, 3, 4, 5]
286		143467.18314665277		[73, 13, 12, 14, 11, 9, 8, 7, 6, 1, 74, 75, 0, 44, 46, 68, 67, 66, 69, 70, 71, 72, 63, 62, 61, 60, 39, 33, 38, 37, 34, 35, 36, 17, 16, 15, 10, 19, 18, 30, 51, 52, 53, 41, 26, 29, 28, 40, 59, 58, 57, 56, 55, 54, 50, 65, 64, 49, 48, 47, 43, 32, 31, 27, 42, 25, 20, 21, 22, 23, 45, 24, 2, 3, 4, 5]
287		143398.70992151217		[73, 13, 12, 14, 11, 9, 8, 7, 6, 1, 74, 75, 0, 44, 46, 68, 67, 66, 69, 70, 71, 72, 63, 62, 61, 60, 39, 33, 38, 37, 34, 35, 36, 17, 16, 15, 10, 19, 18, 30, 52, 51, 53, 41, 26, 29, 28, 40, 59, 58, 57, 56, 55, 54, 50, 65, 64, 49, 48, 47, 43, 32, 31, 27, 42, 25, 20, 21, 22, 23, 45, 24, 2, 3, 4, 5]
288		143105.29142404636		[73, 13, 12, 14, 11, 9, 8, 7, 6, 1, 74, 75, 0, 44, 46, 68, 67, 66, 69, 70, 71, 72, 63, 62, 61, 60, 39, 33, 38, 37, 34, 35, 36, 17, 16, 15, 10, 19, 18, 30, 52, 51, 53, 41, 32, 29, 28, 40, 59, 58, 57, 56, 55, 54, 50, 65, 64, 49, 48, 47, 43, 26, 31, 27, 42, 25, 20, 21, 22, 23, 45, 24, 2, 3, 4, 5]
289		142046.0142632482		[73, 13, 12, 14, 11, 9, 8, 7, 6, 1, 74, 75, 0, 44, 46, 68, 67, 66, 69, 70, 71, 72, 63, 62, 61, 60, 39, 33, 38, 37, 34, 35, 36, 17, 16, 15, 10, 19, 18, 30, 52, 51, 53, 41, 28, 29, 32, 40, 59, 58, 57, 56, 55, 54, 50, 65, 64, 49, 48, 47, 43, 26, 31, 27, 42, 25, 20, 21, 22, 23, 45, 24, 2, 3, 4, 5]
290		141382.26960958674		[73, 13, 12, 14, 11, 9, 8, 7, 6, 1, 74, 75, 0, 44, 46, 68, 67, 66, 69, 70, 71, 72, 63, 62, 61, 60, 39, 33, 38, 37, 34, 35, 36, 17, 16, 15, 10, 19, 18, 30, 52, 51, 53, 41, 31, 29, 32, 40, 59, 58, 57, 56, 55, 54, 50, 65, 64, 49, 48, 47, 43, 26, 28, 27, 42, 25, 20, 21, 22, 23, 45, 24, 2, 3, 4, 5]
291		140587.77273281358		[73, 13, 12, 14, 11, 9, 8, 7, 6, 1, 74, 75, 0, 44, 46, 68, 67, 66, 69, 70, 71, 72, 63, 62, 61, 60, 39, 33, 38, 37, 34, 35, 36, 17, 16, 15, 10, 19, 18, 30, 52, 51, 53, 41, 29, 31, 32, 40, 59, 58, 57, 56, 55, 54, 50, 65, 64, 49, 48, 47, 43, 26, 28, 27, 42, 25, 20, 21, 22, 23, 45, 24, 2, 3, 4, 5]
292		140117.4738661861		[73, 13, 12, 14, 11, 9, 8, 7, 6, 1, 74, 75, 0, 44, 46, 68, 67, 66, 69, 70, 71, 72, 63, 62, 61, 60, 39, 33, 38, 37, 34, 35, 36, 17, 16, 15, 10, 19, 18, 30, 29, 51, 53, 41, 52, 31, 32, 40, 59, 58, 57, 56, 55, 54, 50, 65, 64, 49, 48, 47, 43, 26, 28, 27, 42, 25, 20, 21, 22, 23, 45, 24, 2, 3, 4, 5]
293		137998.396660112		[73, 13, 12, 14, 11, 9, 8, 7, 6, 1, 74, 75, 0, 44, 46, 68, 67, 66, 69, 70, 71, 72, 63, 62, 61, 60, 39, 33, 38, 37, 34, 35, 36, 17, 16, 15, 10, 19, 18, 30, 29, 41, 53, 51, 52, 31, 32, 40, 59, 58, 57, 56, 55, 54, 50, 65, 64, 49, 48, 47, 43, 26, 28, 27, 42, 25, 20, 21, 22, 23, 45, 24, 2, 3, 4, 5]
294		137660.2289877097		[73, 13, 12, 14, 11, 9, 8, 7, 6, 1, 74, 75, 0, 44, 46, 68, 67, 66, 69, 70, 71, 72, 63, 62, 61, 60, 39, 33, 38, 37, 34, 35, 36, 17, 16, 15, 10, 19, 18, 30, 29, 31, 53, 51, 52, 41, 32, 40, 59, 58, 57, 56, 55, 54, 50, 65, 64, 49, 48, 47, 43, 26, 28, 27, 42, 25, 20, 21, 22, 23, 45, 24, 2, 3, 4, 5]
295		136564.4899361807		[73, 13, 12, 14, 11, 9, 8, 7, 6, 1, 74, 75, 0, 44, 46, 68, 67, 66, 69, 70, 71, 72, 63, 62, 61, 60, 39, 33, 38, 37, 34, 35, 36, 17, 16, 15, 10, 19, 18, 30, 29, 31, 32, 51, 52, 41, 53, 40, 59, 58, 57, 56, 55, 54, 50, 65, 64, 49, 48, 47, 43, 26, 28, 27, 42, 25, 20, 21, 22, 23, 45, 24, 2, 3, 4, 5]
296		135589.9895588052		[73, 13, 12, 14, 11, 9, 8, 7, 6, 1, 74, 75, 0, 44, 46, 68, 67, 66, 69, 70, 71, 72, 63, 62, 61, 60, 39, 33, 38, 37, 34, 35, 36, 17, 16, 15, 10, 19, 18, 30, 29, 31, 32, 41, 52, 51, 53, 40, 59, 58, 57, 56, 55, 54, 50, 65, 64, 49, 48, 47, 43, 26, 28, 27, 42, 25, 20, 21, 22, 23, 45, 24, 2, 3, 4, 5]
297		135442.83494890993		[73, 13, 12, 14, 11, 9, 8, 7, 6, 1, 74, 75, 0, 44, 46, 68, 67, 66, 69, 70, 71, 72, 63, 62, 61, 60, 39, 33, 38, 37, 34, 35, 36, 17, 16, 15, 10, 19, 18, 30, 29, 31, 32, 41, 53, 51, 52, 40, 59, 58, 57, 56, 55, 54, 50, 65, 64, 49, 48, 47, 43, 26, 28, 27, 42, 25, 20, 21, 22, 23, 45, 24, 2, 3, 4, 5]
298		134800.29848196128		[73, 13, 12, 14, 11, 9, 8, 7, 6, 1, 74, 75, 0, 44, 46, 68, 67, 66, 69, 70, 71, 72, 63, 62, 61, 60, 39, 33, 38, 37, 34, 35, 36, 17, 16, 15, 10, 19, 18, 30, 29, 31, 32, 41, 53, 52, 51, 40, 59, 58, 57, 56, 55, 54, 50, 65, 64, 49, 48, 47, 43, 26, 28, 27, 42, 25, 20, 21, 22, 23, 45, 24, 2, 3, 4, 5]
299		134765.39304231814		[73, 13, 12, 14, 11, 9, 8, 7, 6, 1, 74, 75, 0, 44, 46, 68, 67, 66, 69, 70, 71, 72, 63, 62, 61, 60, 39, 33, 38, 37, 34, 35, 36, 17, 16, 15, 10, 19, 18, 30, 29, 31, 32, 41, 53, 52, 51, 40, 59, 58, 57, 56, 54, 55, 50, 65, 64, 49, 48, 47, 43, 26, 28, 27, 42, 25, 20, 21, 22, 23, 45, 24, 2, 3, 4, 5]
300		134597.7998869412		[73, 13, 12, 14, 11, 9, 8, 7, 6, 1, 74, 75, 0, 44, 46, 68, 67, 66, 69, 70, 71, 72, 63, 62, 61, 60, 39, 33, 38, 37, 34, 35, 36, 17, 16, 15, 10, 19, 18, 30, 29, 31, 32, 41, 53, 52, 51, 40, 59, 58, 57, 56, 54, 55, 64, 65, 50, 49, 48, 47, 43, 26, 28, 27, 42, 25, 20, 21, 22, 23, 45, 24, 2, 3, 4, 5]
301		134465.19007664875		[73, 13, 12, 14, 11, 9, 8, 7, 6, 1, 74, 75, 0, 44, 46, 68, 67, 66, 69, 70, 71, 72, 63, 62, 61, 60, 39, 33, 38, 37, 34, 35, 36, 17, 16, 15, 10, 19, 18, 30, 29, 31, 32, 41, 53, 52, 51, 40, 59, 58, 57, 56, 54, 55, 64, 65, 50, 49, 48, 47, 43, 42, 28, 27, 26, 25, 20, 21, 22, 23, 45, 24, 2, 3, 4, 5]
302		133615.17104136798		[73, 13, 12, 14, 11, 9, 8, 7, 6, 1, 74, 75, 0, 44, 46, 68, 67, 66, 69, 70, 71, 72, 63, 62, 61, 60, 39, 33, 38, 37, 34, 35, 36, 17, 16, 15, 10, 19, 18, 30, 29, 31, 32, 41, 53, 52, 51, 40, 59, 58, 57, 56, 54, 55, 64, 65, 50, 49, 48, 47, 43, 42, 27, 28, 26, 25, 20, 21, 22, 23, 45, 24, 2, 3, 4, 5]
303		133591.22151374375		[73, 13, 12, 14, 11, 9, 8, 7, 6, 1, 74, 75, 0, 44, 46, 68, 67, 66, 69, 70, 71, 72, 63, 62, 61, 60, 39, 33, 38, 37, 34, 35, 36, 17, 16, 15, 10, 19, 18, 30, 29, 31, 32, 41, 53, 52, 51, 40, 59, 58, 57, 56, 54, 55, 64, 65, 50, 49, 48, 47, 43, 42, 27, 28, 26, 25, 20, 21, 22, 45, 23, 24, 2, 3, 4, 5]
304		133489.80455231885		[73, 13, 12, 14, 11, 9, 8, 7, 6, 1, 74, 75, 45, 44, 46, 68, 67, 66, 69, 70, 71, 72, 63, 62, 61, 60, 39, 33, 38, 37, 34, 35, 36, 17, 16, 15, 10, 19, 18, 30, 29, 31, 32, 41, 53, 52, 51, 40, 59, 58, 57, 56, 54, 55, 64, 65, 50, 49, 48, 47, 43, 42, 27, 28, 26, 25, 20, 21, 22, 0, 23, 24, 2, 3, 4, 5]
305		132873.3555078273		[73, 13, 12, 14, 11, 9, 8, 7, 6, 1, 74, 75, 45, 44, 46, 68, 67, 66, 69, 70, 71, 72, 63, 62, 61, 60, 39, 33, 38, 37, 34, 35, 36, 17, 16, 15, 10, 19, 18, 30, 29, 31, 32, 41, 53, 52, 51, 40, 59, 58, 57, 56, 54, 55, 64, 65, 50, 49, 48, 47, 43, 42, 27, 28, 26, 25, 23, 21, 22, 0, 20, 24, 2, 3, 4, 5]
306		132608.1094122781		[73, 13, 12, 14, 11, 9, 8, 7, 6, 1, 74, 75, 45, 44, 46, 68, 67, 66, 69, 70, 71, 72, 63, 62, 61, 60, 39, 33, 38, 37, 34, 35, 36, 17, 16, 15, 10, 19, 18, 30, 29, 31, 32, 41, 53, 52, 51, 40, 59, 58, 57, 56, 54, 55, 64, 65, 50, 49, 48, 47, 43, 42, 27, 28, 26, 25, 23, 21, 22, 0, 20, 24, 3, 2, 4, 5]
307		132346.42466757758		[73, 13, 12, 14, 11, 9, 8, 7, 6, 1, 74, 75, 45, 44, 46, 68, 67, 66, 69, 70, 71, 72, 63, 62, 61, 60, 39, 33, 38, 37, 34, 35, 36, 17, 16, 15, 10, 19, 18, 30, 29, 31, 32, 41, 53, 52, 51, 40, 59, 58, 57, 56, 54, 55, 64, 65, 50, 49, 48, 47, 43, 42, 27, 28, 26, 25, 23, 21, 22, 0, 20, 24, 3, 2, 5, 4]
